sample,handler_ms,ui_update_ms,metal_present_ms,passed,entered_ms,contact_id,input_revision,frame_id,encoded_revision,drawable_requested_ms,acquisition_began_ms,acquisition_ended_ms,render_began_ms,target_deadline_ms,target_presentation_ms,commit_began_ms,commit_returned_ms,scheduled_ms,transaction_present_requested_ms,gpu_started_ms,gpu_ended_ms,gpu_completion_ms,receipt_delivered_ms
0,0.8659999584779143,2.4718749918974936,20.28129162499681,false,0.0007500057108700275,E4F4DB05-A4EF-417B-9255-677585DA6BF4,2,3EE11C0D-A7F8-4434-80B7-1325B28F9EBC,2,0.8247083169408143,0.8439582888968289,0.8613750105723739,2.5143332895822823,missing,missing,2.6526249712333083,2.6695833075791597,2.7860833215527236,missing,2.9819582705385983,3.457958227954805,3.6285416572354734,20.827499974984676
1,1.1511666234582663,6.913333316333592,24.452791607473046,false,1.1063749552704394,E4F4DB05-A4EF-417B-9255-677585DA6BF4,4,60ED6A7F-01A1-4DD8-809A-A39DBCA4939D,4,-5.659791699144989,-5.64350001513958,8.710208290722221,8.731874928344041,missing,missing,8.865791605785489,8.877791638951749,8.981791615951806,missing,9.004624909721315,9.478874912019819,9.693583298940212,24.879999982658774
2,0.8311250130645931,6.980541627854109,32.79287496116012,false,0.7970416336320341,E4F4DB05-A4EF-417B-9255-677585DA6BF4,6,3477B717-639B-4A91-A938-F26B1AC6C31B,8,0.5478750099427998,0.5868333391845226,15.928875014651567,15.941333316732198,missing,missing,16.055208339821547,16.063624992966652,16.178958292584866,missing,16.208541579544544,16.672916593961418,16.843083314597607,33.9924999861978
3,1.1338333133608103,6.847624958027154,24.459541600663215,false,1.1092499480582774,E4F4DB05-A4EF-417B-9255-677585DA6BF4,8,3477B717-639B-4A91-A938-F26B1AC6C31B,8,-7.785458350554109,-7.746500021312386,7.595541654154658,7.60799995623529,missing,missing,7.721874979324639,7.7302916324697435,7.845624932087958,missing,7.875208219047636,8.33958323346451,8.509749954100698,25.659291655756533
4,0.25462498888373375,7.007499982137233,32.799541659187526,false,0.22774998797103763,E4F4DB05-A4EF-417B-9255-677585DA6BF4,10,355E45E3-F407-4EDF-9C8D-D7F29FABC50E,12,-0.5996249965392053,-0.5528333131223917,15.984333353117108,15.995541645679623,missing,missing,16.054541629273444,16.061833302956074,16.12891664262861,missing,16.164499917067587,16.631166567094624,16.784375009592623,33.131000003777444
5,1.1123749427497387,6.841666647233069,24.466208298690617,false,1.0883749928325415,E4F4DB05-A4EF-417B-9255-677585DA6BF4,12,355E45E3-F407-4EDF-9C8D-D7F29FABC50E,12,-8.932958357036114,-8.8861666736193,7.6509999926202,7.6622082851827145,missing,missing,7.721208268776536,7.728499942459166,7.795583282131702,missing,7.831166556570679,8.297833206597716,8.451041649095714,24.79770831996575
6,0.21849997574463487,7.030833337921649,32.806291652377695,false,0.1860000193119049,E4F4DB05-A4EF-417B-9255-677585DA6BF4,14,01359545-FA02-4956-A745-7D785609ADE2,16,-0.601541658397764,-0.5804999964311719,16.13341667689383,16.14466664614156,missing,missing,16.19358331663534,16.199874982703477,16.25458331545815,missing,16.29545824835077,16.79058326408267,16.927041637245566,33.17095834063366
7,1.1996249668300152,6.891624943818897,24.472958291880786,false,1.1810833238996565,E4F4DB05-A4EF-417B-9255-677585DA6BF4,16,01359545-FA02-4956-A745-7D785609ADE2,16,-8.934875018894672,-8.91383335692808,7.800083316396922,7.8113332856446505,missing,missing,7.860249956138432,7.866541622206569,7.92124995496124,missing,7.962124887853861,8.457249903585762,8.593708276748657,24.83770827529952
8,0.34562498331069946,7.003874983638525,32.81300002709031,false,0.31120830681174994,E4F4DB05-A4EF-417B-9255-677585DA6BF4,18,4B2D0216-64F0-493E-A6AE-3105164736EA,20,-0.464041659142822,-0.4443749785423279,15.935833333060145,15.946250001434237,missing,missing,15.994416666217148,15.999458322767168,16.056250024121255,missing,16.098291613161564,16.603208263404667,16.732958320062608,33.167916641104966
9,1.1457499931566417,6.866624986287206,24.479666666593403,false,1.1277082958258688,E4F4DB05-A4EF-417B-9255-677585DA6BF4,20,4B2D0216-64F0-493E-A6AE-3105164736EA,20,-8.79737501963973,-8.777708339039236,7.602499972563237,7.612916640937328,missing,missing,7.66108330572024,7.66612496227026,7.722916663624346,missing,7.7649582526646554,8.269874902907759,8.399624959565699,24.8347083106637
10,0.1371666439808905,6.964833359234035,32.819708343595266,false,0.1087500131689012,E4F4DB05-A4EF-417B-9255-677585DA6BF4,22,21E60A9F-DF30-4C87-92AF-272E0CDD75FF,24,-0.6647916743531823,-0.6517916917800903,15.94479166669771,15.954916656482965,missing,missing,16.002124990336597,16.00708335172385,16.05995831778273,missing,16.103749920148402,16.58199995290488,16.82241668459028,33.17954164231196
11,1.1447083088569343,6.870124954730272,24.486374983098358,false,1.1297083110548556,E4F4DB05-A4EF-417B-9255-677585DA6BF4,24,21E60A9F-DF30-4C87-92AF-272E0CDD75FF,24,-8.99812503485009,-8.985125052276999,7.611458306200802,7.621583295986056,missing,missing,7.6687916298396885,7.673749991226941,7.726624957285821,missing,7.770416559651494,8.248666592407972,8.489083324093372,24.84629163518548
12,0.2315416932106018,7.021541649010032,32.82637498341501,false,0.2064583241008222,E4F4DB05-A4EF-417B-9255-677585DA6BF4,26,526B05AE-FB57-4541-8AC8-52A7ACB508EA,28,-0.6567083182744682,-0.6460416479967535,15.955333365127444,15.965625003445894,missing,missing,16.01179165299982,16.016666661016643,16.094000020530075,missing,16.12270827172324,16.591374936979264,16.830416687298566,33.22379168821499
13,1.156083308160305,6.879916647449136,24.4930416229181,false,1.139333297032863,E4F4DB05-A4EF-417B-9255-677585DA6BF4,28,526B05AE-FB57-4541-8AC8-52A7ACB508EA,28,-8.990041678771377,-8.979375008493662,7.622000004630536,7.632291642948985,missing,missing,7.67845829250291,7.683333300519735,7.760666660033166,missing,7.789374911226332,8.258041576482356,8.497083326801658,24.890541622880846
14,0.23729167878627777,6.97154167573899,32.833083358127624,false,0.21412502974271774,E4F4DB05-A4EF-417B-9255-677585DA6BF4,30,B426F225-CCDD-4D5D-A96B-32D37DE16E25,32,-0.6475833361037076,-0.6335833459161222,15.95883333357051,15.968833351507783,missing,missing,16.016333363950253,16.022125026211143,16.10649999929592,missing,16.134041594341397,16.603166586719453,16.84020832180977,33.19295833352953
15,1.1064583086408675,6.8869999959133565,24.499749997630715,false,1.0900416527874768,E4F4DB05-A4EF-417B-9255-677585DA6BF4,32,B426F225-CCDD-4D5D-A96B-32D37DE16E25,32,-8.980916696600616,-8.96691670641303,7.625499973073602,7.6354999910108745,missing,missing,7.683000003453344,7.688791665714234,7.773166638799012,missing,7.800708233844489,8.269833226222545,8.50687496131286,24.85970832640305
16,0.24908327031880617,7.025583297945559,32.83979161642492,false,0.22466661175712943,E4F4DB05-A4EF-417B-9255-677585DA6BF4,34,EBF89194-FB23-4252-B96D-A52E470ACD61,36,-0.6418333505280316,-0.6159167387522757,15.957374940626323,15.967916639056057,missing,missing,16.016124980524182,16.02091663517058,16.069666598923504,missing,16.113124904222786,16.58137486083433,16.77674998063594,33.19720830768347
17,1.1716249864548445,6.961625011172146,24.50645831413567,false,1.1550833005458117,E4F4DB05-A4EF-417B-9255-677585DA6BF4,36,EBF89194-FB23-4252-B96D-A52E470ACD61,36,-8.975166652817279,-8.949250041041523,7.624041638337076,7.634583336766809,missing,missing,7.682791678234935,7.687583332881331,7.736333296634257,missing,7.779791601933539,8.248041558545083,8.443416678346694,24.8639999772422
18,0.18462497973814607,6.994624971412122,32.84649993292987,false,0.16058329492807388,E4F4DB05-A4EF-417B-9255-677585DA6BF4,38,A142EF91-7112-4FD5-99E3-388C3C0B457F,40,-0.6434583920054138,-0.6304167327471077,15.970291628036648,15.97995829069987,missing,missing,16.02820830885321,16.033833322580904,16.102291643619537,missing,16.136583231855184,16.604333242867142,16.854208311997354,33.240624936297536
19,1.102500013075769,6.8955832975916564,24.513166630640626,false,1.0826250072568655,E4F4DB05-A4EF-417B-9255-677585DA6BF4,40,A142EF91-7112-4FD5-99E3-388C3C0B457F,40,-8.976791694294661,-8.963750035036355,7.6369583257474005,7.646624988410622,missing,missing,7.6948750065639615,7.700500020291656,7.76895834133029,missing,7.803249929565936,8.270999940577894,8.520875009708107,24.907583312597126
20,0.25929161347448826,7.019833312369883,32.853166630957276,false,0.23749994579702616,E4F4DB05-A4EF-417B-9255-677585DA6BF4,42,879E0870-FDC6-4C44-9B1F-4EFA710AEAC4,44,-0.6302917026914656,-0.6166666862554848,16.031041624955833,16.05912495870143,missing,missing,16.237291623838246,16.26887498423457,16.51454163948074,missing,16.512541566044092,16.99166657635942,17.17299997108057,33.30812498461455
21,1.2185833184048533,7.029083324596286,24.519833328668028,false,1.1451250175014138,E4F4DB05-A4EF-417B-9255-677585DA6BF4,44,879E0870-FDC6-4C44-9B1F-4EFA710AEAC4,44,-8.963625004980713,-8.949999988544732,7.6977083226665854,7.725791656412184,missing,missing,7.903958321548998,7.935541681945324,8.181208337191492,missing,8.179208263754845,8.658333274070174,8.839666668791324,24.97508330270648
22,0.7467916584573686,6.936749967280775,32.859916624147445,false,0.6681666127406061,E4F4DB05-A4EF-417B-9255-677585DA6BF4,46,C09D79D5-B99A-4555-B2B7-7347A09A1ECB,48,-0.3898333525285125,-0.3105417126789689,15.986166661605239,16.01833332097158,missing,missing,16.20624994393438,16.23699994524941,16.548916639294475,missing,16.57729159342125,17.055499891284853,17.286958289332688,33.34670828189701
23,1.0768750216811895,6.898208346683532,24.526583321858197,false,1.037333335261792,E4F4DB05-A4EF-417B-9255-677585DA6BF4,48,C09D79D5-B99A-4555-B2B7-7347A09A1ECB,48,-8.72316665481776,-8.643875014968216,7.652833359315991,7.685000018682331,missing,missing,7.8729166416451335,7.903666642960161,8.215583337005228,missing,8.243958291132003,8.722166588995606,8.95362498704344,25.01379168825224
24,0.8629999938420951,7.037249975837767,32.86658332217485,false,0.7820833125151694,E4F4DB05-A4EF-417B-9255-677585DA6BF4,50,44AE7145-A38A-46E0-9CAB-96D6F57755A9,52,-0.420625030528754,-0.32662501325830817,16.06179162627086,16.11241663340479,missing,missing,16.369416611269116,16.412624972872436,16.79016661364585,missing,16.785583226010203,17.282083223108202,17.66683330060914,33.78016664646566
25,1.1383750243112445,6.935166660696268,24.5332500198856,false,1.0889166733250022,E4F4DB05-A4EF-417B-9255-677585DA6BF4,52,44AE7145-A38A-46E0-9CAB-96D6F57755A9,52,-8.753958332818002,-8.659958315547556,7.728458323981613,7.779083331115544,missing,missing,8.036083308979869,8.079291670583189,8.456833311356604,missing,8.452249923720956,8.948749920818955,9.333499998319894,25.44733334798366
26,0.27683330699801445,6.915833335369825,32.87333331536502,false,0.169374980032444,E4F4DB05-A4EF-417B-9255-677585DA6BF4,54,31F26324-817E-44F7-9416-7053FD366F59,56,-0.24204171495512128,-0.11187500786036253,16.23324997490272,16.31637499667704,missing,missing,16.82779163820669,16.8954583350569,17.46704161632806,missing,17.388166568707675,17.86445826292038,18.19087495096028,33.51120831212029
27,1.4085416914895177,6.97154167573899,24.54000001307577,false,1.2738333316519856,E4F4DB05-A4EF-417B-9255-677585DA6BF4,56,31F26324-817E-44F7-9416-7053FD366F59,56,-8.575375017244369,-8.44520831014961,7.899916672613472,7.9830416943877935,missing,missing,8.494458335917443,8.562125032767653,9.133708314038813,missing,9.054833266418427,9.531124960631132,9.857541648671031,25.178541662171483
28,0.6831666687503457,6.957541627343744,32.879958336707205,false,0.5539582925848663,E4F4DB05-A4EF-417B-9255-677585DA6BF4,58,F00F693A-C1A7-4BEC-ADA9-D234DF5A5FDF,60,0.2542916336096823,0.3587916726246476,16.14554162370041,16.228458320256323,missing,missing,16.582041629590094,16.63391664624214,17.08824996603653,missing,17.018749902490526,17.491416598204523,17.828041629400104,33.564999990630895
29,1.3677916722372174,6.97325001237914,24.546625034417957,false,1.256083371117711,E4F4DB05-A4EF-417B-9255-677585DA6BF4,60,F00F693A-C1A7-4BEC-ADA9-D234DF5A5FDF,60,-8.079041668679565,-7.9745416296646,7.812208321411163,7.895125017967075,missing,missing,8.248708327300847,8.300583343952894,8.75491666374728,missing,8.685416600201279,9.158083295915276,9.494708327110857,25.23224998731166
30,0.523374998010695,6.959124992135912,32.886708329897374,false,0.3731249598786235,E4F4DB05-A4EF-417B-9255-677585DA6BF4,62,32936E08-FE53-4B18-9824-78E789FB9B00,64,-0.014249992091208696,0.07641664706170559,16.109666670672596,16.1788749974221,missing,missing,16.534958325792104,16.595874971244484,17.101708333939314,missing,17.02445826958865,17.498833243735135,17.825124959927052,33.80470833508298
31,1.4270415995270014,6.985124957282096,24.553374969400465,false,1.307374972384423,E4F4DB05-A4EF-417B-9255-677585DA6BF4,64,32936E08-FE53-4B18-9824-78E789FB9B00,64,-8.347583352588117,-8.256916713435203,7.776333310175687,7.845541636925191,missing,missing,8.201624965295196,8.262541610747576,8.768374973442405,missing,8.69112490909174,9.165499883238226,9.491791599430144,25.471874978393316
32,0.5996249965392053,7.0440416457131505,32.89341664640233,false,0.43824996100738645,E4F4DB05-A4EF-417B-9255-677585DA6BF4,66,F57F2166-E016-41EF-B209-68C9BA385788,68,-0.052458373829722404,0.07266667671501637,16.221500001847744,16.3016666774638,missing,missing,16.856874979566783,16.925750009249896,17.472208302933723,missing,17.37266656709835,17.857041559182107,18.162499996833503,33.62349997041747
33,1.416666607838124,7.0049582864157856,24.56008328590542,false,1.2509999796748161,E4F4DB05-A4EF-417B-9255-677585DA6BF4,68,F57F2166-E016-41EF-B209-68C9BA385788,68,-8.38579173432663,-8.260666683781892,7.888166641350836,7.968333316966891,missing,missing,8.523541619069874,8.592416648752987,9.138874942436814,missing,9.039333206601441,9.523708198685199,9.829166636336595,25.290749967098236
34,0.8157083066180348,6.977749988436699,32.90008334442973,false,0.6613750010728836,E4F4DB05-A4EF-417B-9255-677585DA6BF4,70,387A069E-4A3B-464B-813F-FE5C4F863663,72,0.28425001073628664,0.4675000091083348,16.102124995086342,16.175291675608605,missing,missing,16.528000007383525,16.590083308983594,17.113625013735145,missing,17.04099989729002,17.503124894574285,17.775083309970796,33.650583296548575
35,1.390583289321512,6.989166606217623,24.566749983932823,false,1.2717499630525708,E4F4DB05-A4EF-417B-9255-677585DA6BF4,72,387A069E-4A3B-464B-813F-FE5C4F863663,72,-8.049083349760622,-7.865833351388574,7.768791634589434,7.841958315111697,missing,missing,8.194666646886617,8.256749948486686,8.780291653238237,missing,8.707666536793113,9.169791534077376,9.441749949473888,25.317791616544127
36,0.6476666894741356,7.035583315882832,32.90679166093469,false,0.49816665705293417,E4F4DB05-A4EF-417B-9255-677585DA6BF4,74,A42499B2-B699-45A9-9581-0AA1BB752363,76,-0.05645834608003497,0.07958331843838096,16.12579164793715,16.202708357013762,missing,missing,16.645666677504778,16.685083333868533,17.160999996121973,missing,17.086708277929574,17.55870826309547,17.8663749829866,33.59554166672751
37,1.476083300076425,6.991374946665019,24.57345830043778,false,1.3151249731890857,E4F4DB05-A4EF-417B-9255-677585DA6BF4,76,A42499B2-B699-45A9-9581-0AA1BB752363,76,-8.389791706576943,-8.253750042058527,7.79245828744024,7.869374996516854,missing,missing,8.31233331700787,8.351749973371625,8.827666635625064,missing,8.753374917432666,9.22537490259856,9.53304162248969,25.26279166340828
38,0.5844583502039313,7.021791650913656,32.91349997743964,false,0.4565833369269967,E4F4DB05-A4EF-417B-9255-677585DA6BF4,78,D88BA9FF-0AED-4A8A-B4AD-5E4F996A3DAC,80,0.042416679207235575,0.24916668189689517,16.10854169121012,16.19808335090056,missing,missing,16.649500001221895,16.706666676327586,17.23208330804482,missing,17.131458269432187,17.602291598450392,17.928208340890706,33.65366667276248
39,1.5370416222140193,7.12554162601009,24.580166616942734,false,1.3625833089463413,E4F4DB05-A4EF-417B-9255-677585DA6BF4,80,D88BA9FF-0AED-4A8A-B4AD-5E4F996A3DAC,80,-8.290916681289673,-8.084166678600013,7.7752083307132125,7.864749990403652,missing,missing,8.316166640724987,8.373333315830678,8.898749947547913,missing,8.798124908935279,9.268958237953484,9.594874980393797,25.32112499466166
40,0.5908749881200492,7.054125017020851,32.92020835215226,false,0.3987500094808638,E4F4DB05-A4EF-417B-9255-677585DA6BF4,82,8953D37A-0C61-47A9-85BA-E6703ED55184,84,0.06095832213759422,0.197666697204113,16.16879168432206,16.261000011581928,missing,missing,16.699583327863365,16.775583324488252,17.330124974250793,missing,17.24399992963299,17.71999994525686,18.02895835135132,33.65116665372625
41,1.4762083301320672,7.068083330523223,24.58687499165535,false,1.3069999986328185,E4F4DB05-A4EF-417B-9255-677585DA6BF4,84,8953D37A-0C61-47A9-85BA-E6703ED55184,84,-8.272375038359314,-8.135666663292795,7.835458323825151,7.927666651085019,missing,missing,8.366249967366457,8.442249963991344,8.996791613753885,missing,8.910666569136083,9.38666658475995,9.695624990854412,25.318416650407016
42,0.6299583474174142,7.403374998830259,32.926833315286785,false,0.43295836076140404,E4F4DB05-A4EF-417B-9255-677585DA6BF4,86,CD4428C7-0364-4413-B773-1622278A79B9,88,0.13375002890825272,0.2565416507422924,16.176791687030345,16.250541666522622,missing,missing,16.605416662059724,16.66050002677366,17.098749987781048,missing,17.008249938953668,17.471833270974457,17.731833329889923,33.65383332129568
43,1.3156666536815464,7.007708307355642,24.593499954789877,false,1.2062916648574173,E4F4DB05-A4EF-417B-9255-677585DA6BF4,88,CD4428C7-0364-4413-B773-1622278A79B9,88,-8.199583331588656,-8.076791709754616,7.843458326533437,7.917208306025714,missing,missing,8.272083301562816,8.327166666276753,8.76541662728414,missing,8.67491657845676,9.138499910477549,9.398499969393015,25.321083317976445
44,0.5634166882373393,7.009166700299829,32.933583366684616,false,0.43812498915940523,E4F4DB05-A4EF-417B-9255-677585DA6BF4,90,27530211-1CD3-4F9E-994B-C7982349192A,92,0.013291661161929369,0.10054168524220586,16.1929166642949,16.27691666362807,missing,missing,16.7152916546911,16.769375011790544,17.283833352848887,missing,17.183458257932216,17.64741662191227,17.83379167318344,33.679541666060686
45,1.447041635401547,7.1823750040493906,24.600250006187707,false,1.3212499907240272,E4F4DB05-A4EF-417B-9255-677585DA6BF4,92,27530211-1CD3-4F9E-994B-C7982349192A,92,-8.320041699334979,-8.232791675254703,7.85958330379799,7.943583303131163,missing,missing,8.381958294194192,8.436041651293635,8.950499992351979,missing,8.850124897435308,9.314083261415362,9.500458312686533,25.346833339426666
46,0.691291643306613,7.023499929346144,32.940249948296696,false,0.5064166034571826,E4F4DB05-A4EF-417B-9255-677585DA6BF4,94,93BE6C1D-A9D9-412C-9E81-7F86353BB4CC,96,0.12408330803737044,0.2842082758434117,16.14745828555897,16.215166600886732,missing,missing,16.607041645329446,16.66412496706471,17.1082082670182,missing,17.024541564751416,17.48999988194555,17.746249970514327,33.67145830998197
47,1.4542083372361958,7.027208339422941,24.60691664600745,false,1.3277916586957872,E4F4DB05-A4EF-417B-9255-677585DA6BF4,96,93BE6C1D-A9D9-412C-9E81-7F86353BB4CC,96,-8.209249994251877,-8.049125026445836,7.814124983269721,7.881833298597485,missing,missing,8.273708343040198,8.330791664775461,8.774874964728951,missing,8.691208262462169,9.156666579656303,9.41291666822508,25.338749983347952
48,0.7168749580159783,7.024458318483084,32.946999941486865,false,0.5802499363198876,E4F4DB05-A4EF-417B-9255-677585DA6BF4,98,43B9CA39-F7A7-4F4B-852B-89589984F224,100,0.017249956727027893,0.19224995048716664,16.248958301730454,16.35541662108153,missing,missing,16.73245831625536,16.797999967820942,17.319541599135846,missing,17.21783319953829,17.692208231892437,18.023791606537998,33.854666631668806
49,1.4106666785664856,7.030166685581207,24.613666639197618,false,1.2954583507962525,E4F4DB05-A4EF-417B-9255-677585DA6BF4,100,43B9CA39-F7A7-4F4B-852B-89589984F224,100,-8.31608334556222,-8.14108335180208,7.9156249994412065,8.022083318792284,missing,missing,8.399125013966113,8.464666665531695,8.986208296846598,missing,8.884499897249043,9.35887492960319,9.69045830424875,25.52187500987202
50,0.561666616704315,7.031458313576877,32.95362496282905,false,0.43895829003304243,E4F4DB05-A4EF-417B-9255-677585DA6BF4,102,B540330C-DFA5-4058-80B9-7FC001C0690B,104,0.15158328460529447,0.23808330297470093,16.25362498452887,16.372958314605057,missing,missing,16.92899997578934,16.986999951768667,17.54179160343483,missing,17.45491655310616,17.92495819972828,18.26841663569212,33.76862494042143
51,1.4197499840520322,7.070291670970619,24.620291660539806,false,1.308833307120949,E4F4DB05-A4EF-417B-9255-677585DA6BF4,104,B540330C-DFA5-4058-80B9-7FC001C0690B,104,-8.181750017683953,-8.095249999314547,7.920291682239622,8.03962501231581,missing,missing,8.59566667350009,8.653666649479419,9.208458301145583,missing,9.121583250816911,9.591624897439033,9.935083333402872,25.43587499530986
52,0.8789583225734532,7.038374955300242,32.96037495601922,false,0.7069582934491336,E4F4DB05-A4EF-417B-9255-677585DA6BF4,106,9922E8C3-A73D-4AD5-8765-A2F05F44E535,108,0.34212495665997267,0.5379582871682942,16.201999969780445,16.27316663507372,missing,missing,16.62874995963648,16.68558327946812,17.137833288870752,missing,17.033499898388982,17.501749913208187,17.810124962124974,33.67383329896256
53,1.285583304706961,7.042000012006611,24.627041653729975,false,1.1761250207200646,E4F4DB05-A4EF-417B-9255-677585DA6BF4,108,9922E8C3-A73D-4AD5-8765-A2F05F44E535,108,-7.991208345629275,-7.795375015120953,7.868666667491198,7.939833332784474,missing,missing,8.295416657347232,8.352249977178872,8.804499986581504,missing,8.700166596099734,9.16841661091894,9.476791659835726,25.341041677165776
54,0.39745832327753305,7.039333286229521,32.96708333073184,false,0.26866665575653315,E4F4DB05-A4EF-417B-9255-677585DA6BF4,110,7D7C2AB8-9398-42BB-9037-4D799F848381,112,0.039041624404489994,0.162874988745898,16.16495830239728,16.239833319559693,missing,missing,16.559416661038995,16.61608333233744,17.129624960944057,missing,17.03637489117682,17.50083325896412,17.751124978531152,33.66970829665661
55,1.4784583472646773,7.06033332971856,24.63375002844259,false,1.364625000860542,E4F4DB05-A4EF-417B-9255-677585DA6BF4,112,7D7C2AB8-9398-42BB-9037-4D799F848381,112,-8.294291677884758,-8.17045831354335,7.831625000108033,7.906500017270446,missing,missing,8.226083358749747,8.282750030048192,8.796291658654809,missing,8.703041588887572,9.167499956674874,9.417791676241904,25.336958351545036
56,0.6507083307951689,7.020249962806702,32.973791647236794,false,0.5198332946747541,E4F4DB05-A4EF-417B-9255-677585DA6BF4,114,C9F4354E-EF63-4F3F-8F4A-638E6185C232,116,-0.03141671186313033,0.1413749996572733,16.14445832092315,16.20699994964525,missing,missing,16.502458311151713,16.56837499467656,17.013041651807725,missing,16.961458255536854,17.424958234187216,17.572249984368682,33.594916632864624
57,1.4328749966807663,7.05754169030115,24.640458344947547,false,1.3258333201520145,E4F4DB05-A4EF-417B-9255-677585DA6BF4,116,C9F4354E-EF63-4F3F-8F4A-638E6185C232,116,-8.364750014152378,-8.191958302631974,7.811125018633902,7.8736666473560035,missing,missing,8.169125008862466,8.235041692387313,8.679708349518478,missing,8.628124953247607,9.091624931897968,9.238916682079434,25.26216668775305
58,0.6432500085793436,7.052999979350716,32.98041666857898,false,0.5244166241027415,E4F4DB05-A4EF-417B-9255-677585DA6BF4,118,1EC3385C-F11C-48CE-A61A-1352DA419104,120,-0.079624995123595,0.09724998380988836,16.16366667440161,16.22908329591155,missing,missing,16.52420830214396,16.600791655946523,17.112041648942977,missing,17.017416597809643,17.489916586782783,17.700749973300844,33.695624966640025
59,1.4012083411216736,7.063500001095235,24.647083366289735,false,1.2918333522975445,E4F4DB05-A4EF-417B-9255-677585DA6BF4,120,1EC3385C-F11C-48CE-A61A-1352DA419104,120,-8.412958297412843,-8.23608331847936,7.830333372112364,7.895749993622303,missing,missing,8.190874999854714,8.267458353657275,8.77870834665373,missing,8.684083295520395,9.156583284493536,9.367416671011597,25.362791668158025
60,0.5672500119544566,7.065166661050171,32.98712498508394,false,0.44070830335840583,E4F4DB05-A4EF-417B-9255-677585DA6BF4,122,12666B22-4122-46C4-A013-EF6D1B30A794,124,-0.0475000124424696,0.07608329178765416,16.163916676305234,16.23454166110605,missing,missing,16.58608333673328,16.642708331346512,17.120291653554887,missing,17.069374909624457,17.53095822641626,17.783124989364296,33.77762500895187
61,1.3302499428391457,7.06420827191323,24.65379162458703,false,1.2199166230857372,E4F4DB05-A4EF-417B-9255-677585DA6BF4,124,12666B22-4122-46C4-A013-EF6D1B30A794,124,-8.380833372939378,-8.257250068709254,7.830583315808326,7.901208300609142,missing,missing,8.252749976236373,8.309374970849603,8.786958293057978,missing,8.736041549127549,9.197624865919352,9.449791628867388,25.444833270739764
62,0.6526666693389416,7.04070832580328,32.99387497827411,false,0.5354583263397217,E4F4DB05-A4EF-417B-9255-677585DA6BF4,126,FE81DCA7-C396-447F-8CC5-E011AC3DC596,128,-0.004791654646396637,0.15475001418963075,16.27195830224082,16.388708318118006,missing,missing,16.806625004392117,16.870416642632335,17.38962496165186,missing,17.30083324946463,17.803083232138306,18.1698749656789,33.870958315674216
63,1.4633749378845096,7.100583286955953,24.6605416177772,false,1.3571666204370558,E4F4DB05-A4EF-417B-9255-677585DA6BF4,128,FE81DCA7-C396-447F-8CC5-E011AC3DC596,128,-8.338125015143305,-8.178583346307278,7.93862494174391,8.055374957621098,missing,missing,8.473291643895209,8.537083282135427,9.056291601154953,missing,8.967499888967723,9.469749871641397,9.836541605181992,25.538166635669768
64,0.6097916630096734,7.086416648235172,33.00058335298672,false,0.45599997974932194,E4F4DB05-A4EF-417B-9255-677585DA6BF4,130,98F5F4EC-5506-4E61-A6D5-7A452B607A99,132,0.22404163610190153,0.2655416610650718,16.278583323583007,16.343458322808146,missing,missing,16.684666683431715,16.734291682951152,17.160166637040675,missing,17.105416569393128,17.61599991004914,17.93887501116842,33.58275000937283
65,1.4011666062287986,7.086958270519972,24.667249992489815,false,1.2966666254214942,E4F4DB05-A4EF-417B-9255-677585DA6BF4,132,98F5F4EC-5506-4E61-A6D5-7A452B607A99,132,-8.109291724395007,-8.067791699431837,7.945249963086098,8.010124962311238,missing,missing,8.351333322934806,8.400958322454244,8.826833276543766,missing,8.77208320889622,9.282666549552232,9.605541650671512,25.24983329931274
66,0.4871250130236149,7.090125000104308,33.00729166949168,false,0.35283330362290144,E4F4DB05-A4EF-417B-9255-677585DA6BF4,134,698BC591-FAD1-4CF7-9FF9-677C2A46A7D9,136,0.08625001646578312,0.22095831809565425,16.306000004988164,16.35766663821414,missing,missing,16.65254164254293,16.71399996848777,17.068875022232533,missing,17.068708257284015,17.55487493937835,17.826833354774863,33.60791667364538
67,1.2962082982994616,7.075999979861081,24.67395830899477,false,1.1796666076406837,E4F4DB05-A4EF-417B-9255-677585DA6BF4,136,698BC591-FAD1-4CF7-9FF9-677C2A46A7D9,136,-8.247083344031125,-8.112375042401254,7.972666644491255,8.024333277717233,missing,missing,8.31920828204602,8.380666607990861,8.735541661735624,missing,8.735374896787107,9.221541578881443,9.493499994277954,25.27491661021486
68,0.506000011228025,7.107583340257406,33.01395830931142,false,0.3621666692197323,E4F4DB05-A4EF-417B-9255-677585DA6BF4,138,30FA19F4-85DA-45D9-A264-81AB74CADFF3,140,0.06175000453367829,0.1495416508987546,16.29975001560524,16.361791640520096,missing,missing,16.715666686650366,16.75025001168251,17.155250010546297,missing,17.136666574515402,17.623666615691036,17.886249988805503,33.54799997759983
69,1.4787499676458538,7.144958304706961,24.68062494881451,false,1.314624969381839,E4F4DB05-A4EF-417B-9255-677585DA6BF4,140,30FA19F4-85DA-45D9-A264-81AB74CADFF3,140,-8.27158335596323,-8.183791709598154,7.966416655108333,8.028458280023187,missing,missing,8.382333326153457,8.416916651185602,8.821916650049388,missing,8.803333214018494,9.290333255194128,9.552916628308594,25.215041649062186
70,0.5502083222381771,7.170666649471968,33.020666684024036,false,0.37729169707745314,E4F4DB05-A4EF-417B-9255-677585DA6BF4,142,33134C4F-C1E2-48AC-A801-E4A09882795E,144,0.09820831473916769,0.12974999845027924,16.207750013563782,16.25770831014961,missing,missing,16.606791643425822,16.656499996315688,17.0102083357051,missing,16.989124938845634,17.478874942753464,17.659666656982154,33.74062501825392
71,1.318916620220989,7.225541630759835,24.687333323527128,false,1.1906666331924498,E4F4DB05-A4EF-417B-9255-677585DA6BF4,144,33134C4F-C1E2-48AC-A801-E4A09882795E,144,-8.23512504575774,-8.20358336204663,7.8744166530668736,7.924374949652702,missing,missing,8.273458282928914,8.32316663581878,8.676874975208193,missing,8.655791578348726,9.145541582256556,9.326333296485245,25.407916633412242
72,0.44454168528318405,7.41379166720435,33.02733332384378,false,0.3287500003352761,E4F4DB05-A4EF-417B-9255-677585DA6BF4,146,4D436592-25E6-4BDF-9E3C-64AE3ACF588D,148,0.004250032361596823,0.03383331932127476,16.252083354629576,16.330874990671873,missing,missing,16.78404165431857,16.846291662659496,17.355541698634624,missing,17.24749995628372,17.759083246346563,18.170458322856575,33.78566668834537
73,1.3181666727177799,7.120708294678479,24.69399996334687,false,1.197333331219852,E4F4DB05-A4EF-417B-9255-677585DA6BF4,148,4D436592-25E6-4BDF-9E3C-64AE3ACF588D,148,-8.329083328135312,-8.299500041175634,7.918749994132668,7.997541630174965,missing,missing,8.450708293821663,8.512958302162588,9.022208338137716,missing,8.91416659578681,9.425749885849655,9.837124962359667,25.452875008340925
74,0.6550000398419797,7.114499981980771,33.03408331703395,false,0.5288750398904085,E4F4DB05-A4EF-417B-9255-677585DA6BF4,150,B8534C1B-224D-44C4-ADAD-8BA1EA620A91,152,0.20191667135804892,0.28291670605540276,16.241916688159108,16.33554167347029,missing,missing,16.802666650619358,16.86854165745899,17.51462498214096,missing,17.35991658642888,17.851416603662074,18.09725002385676,33.840916701592505
75,1.4241666649468243,7.570541638415307,24.700749956537038,false,1.3031666749157012,E4F4DB05-A4EF-417B-9255-677585DA6BF4,152,B8534C1B-224D-44C4-ADAD-8BA1EA620A91,152,-8.13141668913886,-8.050416654441506,7.9085833276622,8.00220831297338,missing,missing,8.46933329012245,8.535208296962082,9.18129162164405,missing,9.026583225931972,9.518083243165165,9.76391666335985,25.508083344902843
76,1.2576249428093433,7.223999942652881,33.04074995685369,false,1.0406665969640017,E4F4DB05-A4EF-417B-9255-677585DA6BF4,154,9C64254A-BA89-4622-8B8E-3D5FF5029ABA,156,0.22374995751306415,0.6392499781213701,16.306749952491373,16.40354160917923,missing,missing,16.852833272423595,16.918791632633656,17.434708308428526,missing,17.364291532430798,17.844999907538295,18.172624928411096,33.608666621148586
77,0.6500000017695129,7.208291674032807,24.70741665456444,false,0.4822916816920042,E4F4DB05-A4EF-417B-9255-677585DA6BF4,156,9C64254A-BA89-4622-8B8E-3D5FF5029ABA,156,-8.109583344776183,-7.694083324167877,7.973416650202125,8.070208306889981,missing,missing,8.519499970134348,8.585458330344409,9.101375006139278,missing,9.03095823014155,9.511666605249047,9.839291626121849,25.27608332457021
78,0.8559999405406415,7.1277916431427,33.04745827335864,false,0.6152499699965119,E4F4DB05-A4EF-417B-9255-677585DA6BF4,158,C47ED903-1DA6-4F52-A22A-E93C8779E11F,160,0.27674995362758636,0.3371666534803808,16.342708317097276,16.41654164995998,missing,missing,16.699833271559328,16.747958317864686,17.169624974485487,missing,17.080624878872186,17.555708240251988,17.823249974753708,33.68549997685477
79,1.4142500003799796,7.130458310712129,24.714124971069396,false,1.2954999692738056,E4F4DB05-A4EF-417B-9255-677585DA6BF4,160,C47ED903-1DA6-4F52-A22A-E93C8779E11F,160,-8.056583348661661,-7.996166648808867,8.009375014808029,8.083208347670734,missing,missing,8.36649996927008,8.414625015575439,8.83629167219624,missing,8.747291576582938,9.22237493796274,9.48991667246446,25.352833326905966
80,0.5112916114740074,7.128249970264733,37.22254163585603,false,0.39220828330144286,E4F4DB05-A4EF-417B-9255-677585DA6BF4,162,5113F90E-A55D-42D9-AD2D-3BE0FD8A9156,164,0.0994583242572844,0.20316662266850471,16.26112498342991,16.33191661676392,missing,missing,16.632874961942434,16.673874983098358,17.1616249717772,missing,17.103583202697337,17.574666533619165,17.84966664854437,37.89545828476548
81,1.4426250127144158,7.145083334762603,28.889208333566785,false,1.3238749816082418,E4F4DB05-A4EF-417B-9255-677585DA6BF4,164,5113F90E-A55D-42D9-AD2D-3BE0FD8A9156,164,-8.233874978031963,-8.130166679620743,7.927791681140661,7.998583314474672,missing,missing,8.299541659653187,8.34054168080911,8.828291669487953,missing,8.77024990040809,9.241333231329918,9.516333346255124,29.562666662968695
82,0.6392916548065841,7.105999975465238,33.060833287891,false,0.4927499685436487,E4F4DB05-A4EF-417B-9255-677585DA6BF4,166,9C83432F-DFDA-470A-80A2-86FB4439A856,168,0.02704164944589138,0.16241666162386537,17.35420827753842,17.42616662522778,missing,missing,17.708916624542326,17.75304164038971,18.258583324495703,missing,18.18737492430955,18.666999880224466,18.921041628345847,33.99704163894057
83,1.4524583239108324,7.14408332714811,24.727499985601753,false,1.3438750174827874,E4F4DB05-A4EF-417B-9255-677585DA6BF4,168,9C83432F-DFDA-470A-80A2-86FB4439A856,168,-8.306291652843356,-8.170916640665382,9.020874975249171,9.092833322938532,missing,missing,9.375583322253078,9.419708338100463,9.925250022206455,missing,9.854041622020304,10.333666577935219,10.5877083260566,25.664250017143786
84,1.4741249615326524,7.147791620809585,37.23591665038839,false,1.3497082982212305,E4F4DB05-A4EF-417B-9255-677585DA6BF4,170,EEB44A54-93D4-463B-B798-6AEE75CDC79E,172,1.1050416505895555,1.2851666542701423,16.254416666924953,16.330999962519854,missing,missing,16.65683329338208,16.7038333020173,17.24762498633936,missing,17.158333212137222,17.628083238378167,17.90112495655194,37.83979162108153
85,0.5184583133086562,7.179208332672715,28.902583348099142,false,0.4135000053793192,E4F4DB05-A4EF-417B-9255-677585DA6BF4,172,EEB44A54-93D4-463B-B798-6AEE75CDC79E,172,-7.228291651699692,-7.048166648019105,7.921083364635706,7.997666660230607,missing,missing,8.323499991092831,8.370499999728054,8.914291684050113,missing,8.824999909847975,9.29474993608892,9.567791654262692,29.506999999284744
86,0.4307499621063471,7.177041668910533,33.07420830242336,false,0.30649994732812047,E4F4DB05-A4EF-417B-9255-677585DA6BF4,174,2BE93D64-ED30-49C2-A8A0-20BBB5E6076B,176,0.05508330650627613,0.18779165111482143,17.404208309017122,17.470333317760378,missing,missing,17.771833285223693,17.815833329223096,18.3339582872577,missing,18.236416566651314,18.70233321096748,18.986833281815052,33.78958330722526
87,1.2735833297483623,7.15620833216235,24.74087500013411,false,1.1602083686739206,E4F4DB05-A4EF-417B-9255-677585DA6BF4,176,2BE93D64-ED30-49C2-A8A0-20BBB5E6076B,176,-8.278249995782971,-8.145541651174426,9.070875006727874,9.13700001547113,missing,missing,9.438499982934445,9.482500026933849,10.000624984968454,missing,9.903083264362067,10.368999908678234,10.653499979525805,25.456750008743256
88,1.5002499567344785,7.1678333333693445,37.24933334160596,false,1.3749166391789913,E4F4DB05-A4EF-417B-9255-677585DA6BF4,178,D4507A8A-BD25-462C-AF27-437AE7C2FBF6,180,1.1680416646413505,1.2706666602753103,16.417666629422456,16.491791640874,missing,missing,16.853541659656912,16.899458307307214,17.397791671101004,missing,17.311041592620313,17.788291559554636,18.087124975863844,37.902458338066936
89,1.4207916683517396,7.187124982010573,28.916000039316714,false,1.2915833503939211,E4F4DB05-A4EF-417B-9255-677585DA6BF4,180,D4507A8A-BD25-462C-AF27-437AE7C2FBF6,180,-7.165291637647897,-7.062666642013937,8.084333327133209,8.158458338584751,missing,missing,8.520208357367665,8.566125005017966,9.064458368811756,missing,8.977708290331066,9.454958257265389,9.753791673574597,29.569708334747702
90,0.6959583261050284,7.161041663493961,33.08762499364093,false,0.5691249971278012,E4F4DB05-A4EF-417B-9255-677585DA6BF4,182,3E0FDFA6-71D5-4CAD-A2E7-7B6FA5F8D06D,184,0.2552916412241757,0.33199996687471867,17.465708311647177,17.534083337523043,missing,missing,17.81491667497903,17.855166632216424,18.28441664110869,missing,18.223958264570683,18.687458243221045,18.931083322968334,33.83445832878351
91,1.3103749370202422,7.167124946136028,24.75429163314402,false,1.2062499299645424,E4F4DB05-A4EF-417B-9255-677585DA6BF4,184,3E0FDFA6-71D5-4CAD-A2E7-7B6FA5F8D06D,184,-8.078041719272733,-8.00133339362219,9.132374951150268,9.200749977026135,missing,missing,9.481583314482123,9.521833271719515,9.951083280611783,missing,9.890624904073775,10.354124882724136,10.597749962471426,25.50174994394183
92,1.6142500098794699,7.169041666202247,37.26262500276789,false,1.49200001033023,E4F4DB05-A4EF-417B-9255-677585DA6BF4,186,891BC2BD-1937-4DF4-80F0-0AB1C282DF19,188,1.2064999900758266,1.3120833318680525,16.386416682507843,16.460416663903743,missing,missing,16.834666661452502,16.8827916495502,17.324208340141922,missing,17.222708265762776,17.685333266854286,17.954125010874122,37.927458295598626
93,1.263874932192266,7.216458267066628,28.929291642270982,false,1.1572082876227796,E4F4DB05-A4EF-417B-9255-677585DA6BF4,188,891BC2BD-1937-4DF4-80F0-0AB1C282DF19,188,-7.126833370421082,-7.021250028628856,8.053083322010934,8.127083303406835,missing,missing,8.501333300955594,8.549458289053291,8.990874979645014,missing,8.889374905265868,9.351999906357378,9.620791650377214,29.594708292279392
94,0.7936666370369494,7.17862497549504,33.10100000817329,false,0.6394999800249934,E4F4DB05-A4EF-417B-9255-677585DA6BF4,190,48FE5C0A-CC40-47FC-B8DD-49538F7B2CCE,192,0.23533334024250507,0.4357083234935999,17.38799997838214,17.452958330977708,missing,missing,17.751083301845938,17.79562496813014,18.291083339136094,missing,18.23454158147797,18.712999939452857,18.919583351816982,33.87820831267163
95,1.4930833131074905,7.238374964799732,24.76766664767638,false,1.306583289988339,E4F4DB05-A4EF-417B-9255-677585DA6BF4,192,48FE5C0A-CC40-47FC-B8DD-49538F7B2CCE,192,-8.098000020254403,-7.8976250370033085,9.054666617885232,9.1196249704808,missing,missing,9.41774994134903,9.462291607633233,9.957749978639185,missing,9.901208220981061,10.379666578955948,10.586249991320074,25.545499986037612
96,1.5192499849945307,7.190333330072463,37.276083312463015,false,1.3916666503064334,E4F4DB05-A4EF-417B-9255-677585DA6BF4,194,D98E0540-3A6A-4381-AC6B-0B33CB065C5B,196,1.1467916774563491,1.3054166338406503,16.39291667379439,16.45983330672607,missing,missing,16.762958315666765,16.805416671559215,17.269333300646394,missing,17.173583270050585,17.636624921578914,17.954458307940513,37.92329167481512
97,1.318999973591417,7.225541630759835,28.942749951966107,false,1.2037499691359699,E4F4DB05-A4EF-417B-9255-677585DA6BF4,196,D98E0540-3A6A-4381-AC6B-0B33CB065C5B,196,-7.186541683040559,-7.027916726656258,8.05958331329748,8.12649994622916,missing,missing,8.429624955169857,8.472083311062306,8.935999940149486,missing,8.840249909553677,9.303291561082006,9.621124947443604,29.590583289973438
98,0.7264166488312185,7.198541657999158,33.1144166411832,false,0.5544166779145598,E4F4DB05-A4EF-417B-9255-677585DA6BF4,198,2A3EE1B0-33DC-44EA-B70C-41B295C6848A,202,0.15712500317022204,0.2641666796989739,17.340124992188066,17.46950001688674,missing,missing,17.769583326298743,17.81866664532572,18.343458359595388,missing,18.28845829004422,18.75366660533473,19.030291645321995,33.905250020325184
99,1.3607916189357638,7.191999990027398,24.78108328068629,false,1.2533332919701934,E4F4DB05-A4EF-417B-9255-677585DA6BF4,200,2A3EE1B0-33DC-44EA-B70C-41B295C6848A,202,-8.176208357326686,-8.069166680797935,9.006791631691158,9.136166656389832,missing,missing,9.436249965801835,9.485333284828812,10.01012499909848,missing,9.95512492954731,10.42033324483782,10.696958284825087,25.572416663635522
100,0.631249975413084,7.204083318356425,16.44774997839704,true,0.5290416884236038,E4F4DB05-A4EF-417B-9255-677585DA6BF4,202,2A3EE1B0-33DC-44EA-B70C-41B295C6848A,202,-16.509541659615934,-16.402499983087182,0.6734583294019103,0.802833354100585,missing,missing,1.1029166635125875,1.1519999825395644,1.6767916968092322,missing,1.6217916272580624,2.086999942548573,2.363624982535839,17.239541688468307
101,1.3304166495800018,7.200624968390912,28.95608328981325,false,1.2186666135676205,E4F4DB05-A4EF-417B-9255-677585DA6BF4,204,F4193952-8D38-40B9-9EA3-AB64DC6A425D,204,-7.163625035900623,-7.016125018708408,7.981791626662016,8.046249975450337,missing,missing,8.304499962832779,8.342083310708404,8.8233333081007,missing,8.803666569292545,9.276916563976556,9.548416652251035,29.637124971486628
102,0.5148749914951622,7.574791670776904,33.12783333240077,false,0.3796250093728304,E4F4DB05-A4EF-417B-9255-677585DA6BF4,206,78775765-EBBE-4C47-9FF3-FE108A8843E1,208,0.04841666668653488,0.2412500325590372,17.382333346176893,17.44891668204218,missing,missing,17.747541656717658,17.794666695408523,18.30679166596383,missing,18.227958295028657,18.731749965809286,18.999833322595805,33.88975001871586
103,1.2796666705980897,7.210166659206152,24.79449997190386,false,1.1636249837465584,E4F4DB05-A4EF-417B-9255-677585DA6BF4,208,78775765-EBBE-4C47-9FF3-FE108A8843E1,208,-8.284916693810374,-8.092083327937871,9.048999985679984,9.115583321545273,missing,missing,9.41420829622075,9.461333334911615,9.97345830546692,missing,9.894624934531748,10.398416605312377,10.666499962098897,25.557041633874178
104,1.4030833262950182,7.286000007297844,37.302791664842516,false,1.2913750251755118,E4F4DB05-A4EF-417B-9255-677585DA6BF4,210,5D21C3C1-037E-4EB1-90D8-3AF672BB6DB4,212,1.1473333579488099,1.3192500337027013,16.351458325516433,16.444874985609204,missing,missing,16.87291666166857,16.917083354201168,17.40150002297014,missing,17.291541618760675,17.757291614543647,18.00258335424587,38.030291674658656
105,1.504291663877666,7.30012496933341,28.969458304345608,false,1.3482916401699185,E4F4DB05-A4EF-417B-9255-677585DA6BF4,212,5D21C3C1-037E-4EB1-90D8-3AF672BB6DB4,212,-7.186000002548099,-7.014083326794207,8.018124965019524,8.111541625112295,missing,missing,8.53958330117166,8.58374999370426,9.068166662473232,missing,8.958208258263767,9.423958254046738,9.669249993748963,29.697541671339422
106,0.916416640393436,7.220249972306192,33.14116661204025,false,0.7126666023395956,E4F4DB05-A4EF-417B-9255-677585DA6BF4,214,5B1AAB7E-C812-4E42-B82E-271E4B0009E3,216,0.2708749379962683,0.46229164581745863,17.514791630674154,17.590499948710203,missing,missing,18.009291612543166,18.065291631501168,18.637166649568826,missing,18.521999882068485,19.014874880667776,19.36558331362903,34.00891664205119
107,1.5343333361670375,7.246291672345251,24.807833309751004,false,1.3880416518077254,E4F4DB05-A4EF-417B-9255-677585DA6BF4,216,5B1AAB7E-C812-4E42-B82E-271E4B0009E3,216,-8.06245836429298,-7.871041656471789,9.181458328384906,9.257166646420956,missing,missing,9.675958310253918,9.73195832921192,10.303833347279578,missing,10.188666579779238,10.681541578378528,11.032250011339784,25.676124962046742
108,1.7173332744278014,7.2235416155308485,37.31620829785243,false,1.5821249689906836,E4F4DB05-A4EF-417B-9255-677585DA6BF4,218,B439AF2B-D1FD-49F7-8542-81A9A85D14C6,220,1.4189166249707341,1.6036666347645223,16.376291634514928,16.45329163875431,missing,missing,16.765083302743733,16.811458277516067,17.31979160103947,missing,17.247708223294467,17.711583233904094,17.984624952077866,37.99516661092639
109,1.4867916470393538,7.21808330854401,28.98287499556318,false,1.3669999898411334,E4F4DB05-A4EF-417B-9255-677585DA6BF4,220,B439AF2B-D1FD-49F7-8542-81A9A85D14C6,220,-6.914416677318513,-6.729666667524725,8.04295833222568,8.11995833646506,missing,missing,8.431750000454485,8.47812497522682,8.986458298750222,missing,8.91437492100522,9.378249931614846,9.651291649788618,29.66233331244439
110,0.6181249627843499,7.229499984532595,33.15458330325782,false,0.4938749480061233,E4F4DB05-A4EF-417B-9255-677585DA6BF4,222,69AAF3E2-DA5F-47D1-88B5-073601407D3A,224,0.16429164679720998,0.3399166162125766,17.488458310253918,17.55712495651096,missing,missing,17.81833329005167,17.86808331962675,18.332833307795227,missing,18.27616657828912,18.74179154401645,18.940291658509523,33.98712497437373
111,1.3041666825301945,7.231750001665205,24.821250000968575,false,1.1927500017918646,E4F4DB05-A4EF-417B-9255-677585DA6BF4,224,69AAF3E2-DA5F-47D1-88B5-073601407D3A,224,-8.169041655492038,-7.993416686076671,9.15512500796467,9.223791654221714,missing,missing,9.484999987762421,9.534750017337501,9.999500005505979,missing,9.942833275999874,10.408458241727203,10.606958356220275,25.654374971054494
112,1.5718749491497874,7.2662916500121355,37.32966660754755,false,1.455833320505917,E4F4DB05-A4EF-417B-9255-677585DA6BF4,226,ED690B30-934A-4502-B1A7-EF3553C794A4,228,1.219749974552542,1.3206666335463524,16.39495830750093,16.466124972794205,missing,missing,16.846999991685152,16.885416640434414,17.367999942507595,missing,17.2808748902753,17.748499871231616,17.972624977119267,37.99504163907841
113,1.2879583518952131,7.2662916500121355,28.996333305258304,false,1.1576666729524732,E4F4DB05-A4EF-417B-9255-677585DA6BF4,228,ED690B30-934A-4502-B1A7-EF3553C794A4,228,-7.1135833277367055,-7.012666668742895,8.061625005211681,8.132791670504957,missing,missing,8.513666689395905,8.552083338145167,9.034666640218347,missing,8.947541587986052,9.415166568942368,9.63929167483002,29.662291693966836
114,0.5999166169203818,7.256541633978486,33.16795831779018,false,0.4718749551102519,E4F4DB05-A4EF-417B-9255-677585DA6BF4,230,A6E49239-4993-4628-84B9-079D68C603B3,234,0.23762497585266829,0.3719999804161489,17.62316661188379,17.988166655413806,missing,missing,18.436416634358466,18.490791611839086,18.991708289831877,missing,18.877833208534867,19.357999903149903,19.67516663717106,33.75408332794905
115,1.3669999898411334,7.292041671462357,24.834625015500933,false,1.2257083435542881,E4F4DB05-A4EF-417B-9255-677585DA6BF4,232,A6E49239-4993-4628-84B9-079D68C603B3,234,-8.09570832643658,-7.961333321873099,9.289833309594542,9.654833353124559,missing,missing,10.103083332069218,10.157458309549838,10.65837498754263,missing,10.544499906245619,11.024666600860655,11.341833334881812,25.4212916479446
116,1.1152083170600235,7.328624953515828,16.501291655004025,true,0.9568333043716848,E4F4DB05-A4EF-417B-9255-677585DA6BF4,234,A6E49239-4993-4628-84B9-079D68C603B3,234,-16.429041686933488,-16.294666682370007,0.9564999490976334,1.3214999926276505,missing,missing,1.7697499715723097,1.8241249490529299,2.325041627045721,missing,2.2111665457487106,2.691333240363747,3.008499974384904,17.088416614569724
117,0.7355833658948541,7.312791654840112,29.00970831979066,false,0.5792499869130552,E4F4DB05-A4EF-417B-9255-677585DA6BF4,236,859F7202-EA2A-4341-9600-839716416A5C,236,-6.488625018391758,-6.3527500024065375,8.063833345659077,8.135041687637568,missing,missing,8.506041660439223,8.550666680093855,9.064875019248575,missing,8.972208248451352,9.436958294827491,9.680750023107976,29.746458341833204
118,0.6513749831356108,7.275833340827376,33.181416627485305,false,0.532041653059423,E4F4DB05-A4EF-417B-9255-677585DA6BF4,238,854544B1-B269-45E7-BF89-DA403DEDE613,240,0.23912498727440834,0.34995831083506346,17.56824995391071,17.6406666287221,missing,missing,18.007749982643872,18.061624956317246,18.61083332914859,missing,18.519874894991517,19.008874893188477,19.356416654773057,33.747208304703236
119,1.300958334468305,7.267333334311843,24.848083325196058,false,1.1625416809692979,E4F4DB05-A4EF-417B-9255-677585DA6BF4,240,854544B1-B269-45E7-BF89-DA403DEDE613,240,-8.09420831501484,-7.983374991454184,9.234916651621461,9.307333326432854,missing,missing,9.674416680354625,9.728291654027998,10.277500026859343,missing,10.18654159270227,10.675541590899229,11.023083352483809,25.414458359591663
120,2.026125031989068,7.753583369776607,missing,true,0.000125030055642128,missing,missing,missing,missing,missing,missing,missing,missing,missing,missing,missing,missing,missing,missing,missing,missing,missing,missing