sample,handler_ms,ui_update_ms,metal_present_ms,passed,entered_ms,contact_id,input_revision,frame_id,encoded_revision,drawable_requested_ms,acquisition_began_ms,acquisition_ended_ms,render_began_ms,target_deadline_ms,target_presentation_ms,commit_began_ms,commit_returned_ms,scheduled_ms,transaction_present_requested_ms,gpu_started_ms,gpu_ended_ms,gpu_completion_ms,receipt_delivered_ms
0,0.8088333415798843,4.208291647955775,21.719250013120472,false,0.028666690923273563,9B4FD4D9-EA9B-42E7-BA4D-0D712F05079B,1,6330BC3F-AC2C-4E2C-AF2A-E1660941415F,1,0.7747916970402002,0.7994583575055003,0.816541665699333,4.2374583426862955,missing,missing,4.344750021118671,4.352791700512171,4.525416647084057,missing,4.566249961499125,5.036291608121246,5.158583342563361,22.76220836210996
1,1.1855832999572158,4.272083286195993,30.059208336751908,false,1.1224999907426536,9B4FD4D9-EA9B-42E7-BA4D-0D712F05079B,2,F283BF12-2A9F-4C7E-A348-D6526BE4585E,2,-3.977208340074867,-3.9486250025220215,4.988583328668028,5.000958335585892,missing,missing,5.129708326421678,5.138874985277653,5.20308333216235,missing,5.24341658456251,5.710791563615203,5.864666658453643,30.66062496509403
2,1.333458349108696,4.280791676137596,38.399291690438986,false,1.2911250232718885,9B4FD4D9-EA9B-42E7-BA4D-0D712F05079B,3,6CA7AC7A-5473-44D7-9970-52BD672BF7E1,4,-3.1901249894872308,-3.1804166501387954,14.31379170389846,14.329333323985338,missing,missing,14.43466666387394,14.441708335652947,14.515583345200866,missing,14.556583249941468,15.029499947559088,15.213041682727635,38.793291663751006
3,1.1333333095535636,4.272749996744096,30.065958329942077,false,1.0959166684187949,9B4FD4D9-EA9B-42E7-BA4D-0D712F05079B,4,6CA7AC7A-5473-44D7-9970-52BD672BF7E1,4,-11.52345834998414,-11.513750010635704,5.980458343401551,5.99599996348843,missing,missing,6.101333303377032,6.108374975156039,6.182249984703958,missing,6.22324988944456,6.69616658706218,6.8797083222307265,30.46008333330974
4,1.1725000222213566,4.258083354216069,38.40612503699958,false,1.1267500231042504,9B4FD4D9-EA9B-42E7-BA4D-0D712F05079B,5,8E1CE91E-C43E-4CC3-B1D9-38151AEF7665,6,-2.220999973360449,-2.199249982368201,14.326291682664305,14.338916691485792,missing,missing,14.39937500981614,14.40645835828036,14.491500041913241,missing,14.533708279486746,15.002458298113197,15.220416651573032,40.17104167724028
5,1.1399166542105377,4.2757499613799155,30.072791676502675,false,1.103958347812295,9B4FD4D9-EA9B-42E7-BA4D-0D712F05079B,6,8E1CE91E-C43E-4CC3-B1D9-38151AEF7665,6,-10.554333333857358,-10.53258334286511,5.9929583221673965,6.005583330988884,missing,missing,6.0660416493192315,6.073124997783452,6.158166681416333,missing,6.200374918989837,6.669124937616289,6.887083291076124,31.837833346799016
6,0.5244166823104024,4.123750026337802,38.41275000013411,false,0.48874999629333615,9B4FD4D9-EA9B-42E7-BA4D-0D712F05079B,7,0B7BE944-37A2-47DE-A292-A41A1144FAA8,8,-2.256458334159106,-2.2349582868628204,14.284375007264316,14.294958324171603,missing,missing,14.34329169569537,14.348833356052637,14.427083369810134,missing,14.468291599769145,14.936666586436331,15.049416688270867,40.23545834934339
7,1.125583308748901,4.19858330860734,30.079416639637202,false,1.0906666284427047,9B4FD4D9-EA9B-42E7-BA4D-0D712F05079B,8,0B7BE944-37A2-47DE-A292-A41A1144FAA8,8,-10.589791694656014,-10.568291647359729,5.951041646767408,5.961624963674694,missing,missing,6.009958335198462,6.015499995555729,6.093750009313226,missing,6.134958239272237,6.603333225939423,6.7160833277739584,31.902250018902123
8,1.1646666680462658,4.132458358071744,38.41945837484673,false,1.122791669331491,9B4FD4D9-EA9B-42E7-BA4D-0D712F05079B,9,E315F977-1292-48DD-A69F-4BEC7A8361A4,10,-2.315041667316109,-2.2931249695830047,13.38212500559166,13.39412503875792,missing,missing,13.449916674289852,13.455208332743496,13.53354169987142,missing,13.573083269875497,14.042874972801656,14.21654166188091,38.91045833006501
9,1.1708749807439744,4.134375019930303,30.08612501434982,false,1.1130416532978415,9B4FD4D9-EA9B-42E7-BA4D-0D712F05079B,10,E315F977-1292-48DD-A69F-4BEC7A8361A4,10,-10.648375027813017,-10.626458330079913,5.048791645094752,5.060791678261012,missing,missing,5.116583313792944,5.121874972246587,5.200208339374512,missing,5.239749909378588,5.709541612304747,5.883208301384002,30.577249999623746
10,1.1733749997802079,4.139208351261914,38.42616669135168,false,1.1194583494216204,9B4FD4D9-EA9B-42E7-BA4D-0D712F05079B,11,48B35715-34F1-4174-A1A3-A4421E12C5B3,12,-3.2085832790471613,-3.18679166957736,13.216708379331976,13.227625051513314,missing,missing,13.29491671640426,13.300999999046326,13.394833367783576,missing,13.421666633803397,13.890458270907402,14.054958359338343,40.17983336234465
11,1.1544583248905838,4.141458310186863,30.092833330854774,false,1.1172500089742243,9B4FD4D9-EA9B-42E7-BA4D-0D712F05079B,12,48B35715-34F1-4174-A1A3-A4421E12C5B3,12,-11.54191663954407,-11.520125030074269,4.883375018835068,4.894291691016406,missing,missing,4.961583355907351,4.967666638549417,5.061500007286668,missing,5.088333273306489,5.557124910410494,5.721624998841435,31.846624973695725
12,1.1312083806842566,4.1462500230409205,38.432958361227065,false,1.0894166771322489,9B4FD4D9-EA9B-42E7-BA4D-0D712F05079B,13,1B812BEE-C3FC-4844-AAB8-D7E4EDB06481,14,-3.361958311870694,-3.3323749667033553,13.39712500339374,13.412000029347837,missing,missing,13.46575003117323,13.471458340063691,13.548791699577123,missing,13.589541602414101,14.062249974813312,14.207000029273331,38.920875056646764
13,1.1642916942946613,4.2092083604075015,30.099625000730157,false,1.126333314459771,9B4FD4D9-EA9B-42E7-BA4D-0D712F05079B,14,1B812BEE-C3FC-4844-AAB8-D7E4EDB06481,14,-11.695291672367603,-11.665708327200264,5.063791642896831,5.0786666688509285,missing,missing,5.132416670676321,5.138124979566783,5.2154583390802145,missing,5.256208241917193,5.728916614316404,5.873666668776423,30.587624991312623
14,1.177791680675,4.222000017762184,38.43958338256925,false,1.1298750177957118,9B4FD4D9-EA9B-42E7-BA4D-0D712F05079B,15,272193FB-E76B-45E5-BA0F-5DFD3D12B0B0,16,-3.192499978467822,-3.1636666390113533,13.255125028081238,13.268083392176777,missing,missing,13.340791687369347,13.347666710615158,13.420666684396565,missing,13.454708270728588,13.92508327262476,14.111791679169983,38.74412504956126
15,1.1781666544266045,4.173291672486812,30.106250022072345,false,1.1333333677612245,9B4FD4D9-EA9B-42E7-BA4D-0D712F05079B,16,272193FB-E76B-45E5-BA0F-5DFD3D12B0B0,16,-11.52583333896473,-11.496999999508262,4.92179166758433,4.934750031679869,missing,missing,5.007458326872438,5.01433335011825,5.0873333238996565,missing,5.12137491023168,5.591749912127852,5.778458318673074,30.41087498422712
16,1.1765832896344364,4.1556250071153045,38.44633331755176,false,1.1380832875147462,9B4FD4D9-EA9B-42E7-BA4D-0D712F05079B,17,BB41EA00-7551-4640-89A3-E757383FEEEE,18,-3.3157500438392162,-3.291708359029144,13.226499955635518,13.239583291579038,missing,missing,13.31295829731971,13.321291655302048,13.414208311587572,missing,13.449333258904517,13.924208236858249,14.066250005271286,40.09233333636075
17,1.1784166563302279,4.266500007361174,30.113000015262514,false,1.1386667029000819,9B4FD4D9-EA9B-42E7-BA4D-0D712F05079B,18,BB41EA00-7551-4640-89A3-E757383FEEEE,18,-11.649083346128464,-11.625041661318392,4.89316665334627,4.90624998928979,missing,missing,4.979624995030463,4.9879583530128,5.080875009298325,missing,5.115999956615269,5.590874934569001,5.732916702982038,31.759125005919486
18,1.1262499610893428,4.201999981887639,38.45304163405672,false,1.0871666599996388,9B4FD4D9-EA9B-42E7-BA4D-0D712F05079B,19,40F286FD-883D-43D1-B570-4FF9C76DD6C7,20,-3.340750001370907,-3.312624990940094,13.232166646048427,13.24229163583368,missing,missing,13.301958329975605,13.308416644576937,13.389166677370667,missing,13.42662493698299,13.90266657108441,14.06329165911302,40.33799999160692
19,1.1311667039990425,4.182500008028001,30.11970833176747,false,1.0948333656415343,9B4FD4D9-EA9B-42E7-BA4D-0D712F05079B,20,40F286FD-883D-43D1-B570-4FF9C76DD6C7,20,-11.674083303660154,-11.645958293229342,4.898833343759179,4.908958333544433,missing,missing,4.9686250276863575,4.9750833422876894,5.05583337508142,missing,5.093291634693742,5.569333268795162,5.729958356823772,32.00483333785087
20,1.1941249831579626,4.314583318773657,38.45970833208412,false,1.1483749840408564,9B4FD4D9-EA9B-42E7-BA4D-0D712F05079B,21,03F4639E-4CF0-4E94-9466-59BC5CBE52B5,22,-3.3548750216141343,-3.3341666567139328,13.219166663475335,13.230999989900738,missing,missing,13.293500000145286,13.30437499564141,13.392291672062129,missing,13.422208256088197,13.898249890189618,14.080416643992066,39.02799997013062
21,1.2355833314359188,4.316416685469449,30.126375029794872,false,1.1956249945797026,9B4FD4D9-EA9B-42E7-BA4D-0D712F05079B,22,03F4639E-4CF0-4E94-9466-59BC5CBE52B5,22,-11.688208323903382,-11.66749995900318,4.885833361186087,4.8976666876114905,missing,missing,4.960166697856039,4.971041693352163,5.058958369772881,missing,5.08887495379895,5.56491658790037,5.747083341702819,30.694916669744998
22,1.3463749783113599,4.268833319656551,38.466416648589075,false,1.1811250005848706,9B4FD4D9-EA9B-42E7-BA4D-0D712F05079B,23,BE54DB61-D5AC-4EC0-832C-156EB2B54102,24,-3.358916670549661,-3.3244583173654974,13.211583311203867,13.239958323538303,missing,missing,13.382916629780084,13.41354165924713,13.650583336129785,missing,13.647666608449072,14.128666603937745,14.292666630353779,38.846583338454366
23,1.3470000121742487,4.183333367109299,30.133083346299827,false,1.255958341062069,9B4FD4D9-EA9B-42E7-BA4D-0D712F05079B,24,BE54DB61-D5AC-4EC0-832C-156EB2B54102,24,-11.692249972838908,-11.657791619654745,4.87825000891462,4.906625021249056,missing,missing,5.049583327490836,5.080208356957883,5.317250033840537,missing,5.314333306159824,5.795333301648498,5.959333328064531,30.51358333323151
24,1.2507499777711928,4.1910416330210865,38.47308334661648,false,1.1087500024586916,9B4FD4D9-EA9B-42E7-BA4D-0D712F05079B,25,F2A2CF7C-4AA0-4581-A046-245AE1BE1767,26,-3.244666673708707,-3.122374997474253,13.271791685838252,13.310958340298384,missing,missing,13.51766666630283,13.543916633352637,13.779708300717175,missing,13.835166580975056,14.32099990779534,14.522125013172626,38.943624997045845
25,1.0785000049509108,4.20962501084432,30.13975004432723,false,0.9530833340249956,9B4FD4D9-EA9B-42E7-BA4D-0D712F05079B,26,F2A2CF7C-4AA0-4581-A046-245AE1BE1767,26,-11.577999975997955,-11.4557082997635,4.938458383549005,4.977625038009137,missing,missing,5.1843333640135825,5.21058333106339,5.4463749984279275,missing,5.501833278685808,5.987666605506092,6.188791710883379,30.610875051934272
26,0.965750019531697,4.188541672192514,38.479833339806646,false,0.8520833216607571,9B4FD4D9-EA9B-42E7-BA4D-0D712F05079B,27,B6A735C0-48EE-4FD5-BBC8-DC0C76F29628,28,-3.112250007688999,-3.069416678044945,13.31541663967073,13.359666685573757,missing,missing,13.56012502219528,13.591750001069158,13.91412498196587,missing,13.957833289168775,14.438458252698183,14.641291636507958,39.11995835369453
27,0.7900416967459023,4.4488333514891565,30.1465000375174,false,0.6914166733622551,9B4FD4D9-EA9B-42E7-BA4D-0D712F05079B,28,B6A735C0-48EE-4FD5-BBC8-DC0C76F29628,28,-11.445583309978247,-11.402749980334193,4.982083337381482,5.026333383284509,missing,missing,5.226791719906032,5.258416698779911,5.580791679676622,missing,5.624499986879528,6.1051249504089355,6.307958334218711,30.787125055212528
28,1.5429583145305514,4.2388750007376075,38.486583332996815,false,1.2972083641216159,9B4FD4D9-EA9B-42E7-BA4D-0D712F05079B,29,D2A931A9-D43E-4454-836F-74E2D420F519,30,-3.062958305235952,-2.9342083144001663,13.316750002559274,13.381749973632395,missing,missing,13.679833326023072,13.727999990805984,14.132875017821789,missing,14.096416591200978,14.57804162055254,14.718791644554585,40.70241667795926
29,0.8836250053718686,4.2360416846349835,30.153250030707568,false,0.7554583717137575,9B4FD4D9-EA9B-42E7-BA4D-0D712F05079B,30,D2A931A9-D43E-4454-836F-74E2D420F519,30,-11.3962916075252,-11.267541616689414,4.983416700270027,5.048416671343148,missing,missing,5.3465000237338245,5.394666688516736,5.799541715532541,missing,5.76308328891173,6.244708318263292,6.385458342265338,32.369291700888425
30,0.9694583131931722,4.244750016368926,38.49325003102422,false,0.7988333236426115,9B4FD4D9-EA9B-42E7-BA4D-0D712F05079B,31,137231C0-DAF7-4B1E-96F0-D93BE97DCA7B,32,-2.9198749689385295,-2.8322499711066484,13.329833338502795,13.395874993875623,missing,missing,13.68387503316626,13.743875024374574,14.082750014495105,missing,14.048249926418066,14.532874920405447,14.715958328451961,38.9463750179857
31,1.550583285279572,4.237166664097458,30.15991667052731,false,1.3872082927264273,9B4FD4D9-EA9B-42E7-BA4D-0D712F05079B,32,137231C0-DAF7-4B1E-96F0-D93BE97DCA7B,32,-11.253208329435438,-11.165583331603557,4.996499978005886,5.062541633378714,missing,missing,5.350541672669351,5.410541663877666,5.749416653998196,missing,5.714916565921158,6.199541559908539,6.382624967955053,30.613583337981254
32,1.557125011458993,4.253500024788082,38.50000002421439,false,1.3930833665654063,9B4FD4D9-EA9B-42E7-BA4D-0D712F05079B,33,6578FC9B-A959-471A-8020-D1A34E59A4D7,34,-2.9019583016633987,-2.816874999552965,13.354208320379257,13.424333359580487,missing,missing,13.97395832464099,14.043250004760921,14.538916700985283,missing,14.438874961342663,14.94437496876344,15.262083325069398,39.103208342567086
33,1.1598333367146552,4.242958326358348,30.16666666371748,false,1.1026249849237502,9B4FD4D9-EA9B-42E7-BA4D-0D712F05079B,34,6578FC9B-A959-471A-8020-D1A34E59A4D7,34,-11.235291662160307,-11.150208360049874,5.020874959882349,5.090999999083579,missing,missing,5.640624964144081,5.709916644264013,6.205583340488374,missing,6.105541600845754,6.611041608266532,6.928749964572489,30.770499957725406
34,1.4005833654664457,4.249458375852555,38.50666666403413,false,1.230708323419094,9B4FD4D9-EA9B-42E7-BA4D-0D712F05079B,35,7041C922-09AF-4FE4-B9B8-DEB52A8982BB,36,-2.602624997962266,-2.4857500102370977,14.436875004321337,14.519541698973626,missing,missing,14.912916696630418,14.96762502938509,15.503916656598449,missing,15.400958305690438,15.894083306193352,16.207750013563782,39.155833364930004
35,1.4280833420343697,4.276124993339181,30.17333330353722,false,1.280625001527369,9B4FD4D9-EA9B-42E7-BA4D-0D712F05079B,36,7041C922-09AF-4FE4-B9B8-DEB52A8982BB,36,-10.935958358459175,-10.819083370734006,6.103541643824428,6.1862083384767175,missing,missing,6.57958333613351,6.6342916688881814,7.17058329610154,missing,7.067624945193529,7.560749945696443,7.8744166530668736,30.823000008240342
36,0.9930833475664258,4.2548333294689655,38.513375038746744,false,0.7819166639819741,9B4FD4D9-EA9B-42E7-BA4D-0D712F05079B,37,831ABEAA-6601-497B-905A-0719F2C254F0,38,-1.676583313383162,-1.4816666371189058,14.439625025261194,14.51250002719462,missing,missing,14.85995837720111,14.917500026058406,15.418041672091931,missing,15.343749953899533,15.831374970730394,16.09158335486427,39.005833328701556
37,0.912791641894728,4.259416658896953,30.180041678249836,false,0.7746666669845581,9B4FD4D9-EA9B-42E7-BA4D-0D712F05079B,38,831ABEAA-6601-497B-905A-0719F2C254F0,38,-10.00991667388007,-9.814999997615814,6.106291664764285,6.179166666697711,missing,missing,6.526625016704202,6.584166665561497,7.084708311595023,missing,7.010416593402624,7.498041610233486,7.758249994367361,30.673041648697108
38,0.8367083501070738,4.263708367943764,38.5200833552517,false,0.7353750406764448,9B4FD4D9-EA9B-42E7-BA4D-0D712F05079B,39,B0FAB602-FDE5-48AF-90E0-A1778E3A6EBB,40,-1.725749985780567,-1.5497499844059348,14.487500011455268,14.55733337206766,missing,missing,14.928666700143367,14.981583342887461,15.347125008702278,missing,15.296583296731114,15.786458272486925,16.045750002376735,39.20445835683495
39,0.8752499707043171,4.270958306733519,30.18674999475479,false,0.73908333433792,9B4FD4D9-EA9B-42E7-BA4D-0D712F05079B,40,B0FAB602-FDE5-48AF-90E0-A1778E3A6EBB,40,-10.059083346277475,-9.883083344902843,6.154166650958359,6.224000011570752,missing,missing,6.595333339646459,6.648249982390553,7.01379164820537,missing,6.963249936234206,7.453124911990017,7.712416641879827,30.871749971993268
40,0.9685417171567678,4.26516670268029,38.526791671756655,false,0.791958358604461,9B4FD4D9-EA9B-42E7-BA4D-0D712F05079B,41,DBCF35C7-75E7-4670-B9AF-6369FC9DD756,42,-1.6661666450090706,-1.5555416466668248,14.50425002258271,14.578583359252661,missing,missing,14.919166686013341,14.978041697759181,15.503333357628435,missing,15.401708311401308,15.895916614681482,16.223083366639912,39.28970836568624
41,1.4359166380017996,4.293041652999818,30.193458311259747,false,1.2882083537988365,9B4FD4D9-EA9B-42E7-BA4D-0D712F05079B,42,DBCF35C7-75E7-4670-B9AF-6369FC9DD756,42,-9.999500005505979,-9.888875007163733,6.170916662085801,6.245249998755753,missing,missing,6.5858333255164325,6.644708337262273,7.1699999971315265,missing,7.068374950904399,7.562583254184574,7.889750006143004,30.956875008996576
42,1.475458382628858,4.273041675332934,38.533541723154485,false,1.3120000367052853,9B4FD4D9-EA9B-42E7-BA4D-0D712F05079B,43,D27B8F5B-C9AC-41CC-BFB0-0BAE62E17BA5,44,-1.6673333011567593,-1.4975832891650498,14.496833377052099,14.577000052668154,missing,missing,14.961875043809414,15.0599583867006,15.54800005396828,missing,15.497041633352637,16.005624958779663,16.339791705831885,39.314875029958785
43,1.2615416781045496,4.3033333495259285,30.200208362657577,false,1.2005833559669554,9B4FD4D9-EA9B-42E7-BA4D-0D712F05079B,44,D27B8F5B-C9AC-41CC-BFB0-0BAE62E17BA5,44,-10.000666661653668,-9.830916649661958,6.16350001655519,6.243666692171246,missing,missing,6.6285416833125055,6.726625026203692,7.214666693471372,missing,7.163708272855729,7.672291598282754,8.006458345334977,30.982166645117104
44,1.3830416719429195,4.289916716516018,38.54025003965944,false,1.2068750220350921,9B4FD4D9-EA9B-42E7-BA4D-0D712F05079B,45,718FF153-A339-42CE-953A-B7CAEFDAC4A6,46,-1.5848749899305403,-1.3957916526123881,14.491500041913241,14.567291713319719,missing,missing,14.884208387229592,14.938791689928621,15.432875021360815,missing,15.379624965135008,15.89695829898119,16.10037503996864,39.005916682071984
45,0.9137500310316682,4.286208364646882,30.206916679162532,false,0.7870833505876362,9B4FD4D9-EA9B-42E7-BA4D-0D712F05079B,46,718FF153-A339-42CE-953A-B7CAEFDAC4A6,46,-9.918208350427449,-9.729125013109297,6.158166681416333,6.23395835282281,missing,missing,6.550875026732683,6.605458329431713,7.099541660863906,missing,7.0462916046381,7.563624938484281,7.767041679471731,30.67295835353434
46,0.9920416632667184,4.289333301130682,38.546958297956735,false,0.8349583367817104,9B4FD4D9-EA9B-42E7-BA4D-0D712F05079B,47,2C0FBF31-3587-4E97-BB83-C851513231CD,48,-1.7097917152568698,-1.542666694149375,14.397624996490777,14.437166624702513,missing,missing,14.691249991301447,14.72441665828228,15.079333330504596,missing,15.095916576683521,15.627791581209749,15.80345828551799,39.12224998930469
47,1.4307083329185843,4.29766665911302,30.213624995667487,false,1.3147083227522671,9B4FD4D9-EA9B-42E7-BA4D-0D712F05079B,48,2C0FBF31-3587-4E97-BB83-C851513231CD,48,-10.043125017546117,-9.875999996438622,6.064291694201529,6.103833322413266,missing,missing,6.3579166890122,6.3910833559930325,6.746000028215349,missing,6.762583274394274,7.2944582789205015,7.470124983228743,30.789499985985458
48,1.3843332999385893,4.343208333011717,38.55366667266935,false,1.2109166709706187,9B4FD4D9-EA9B-42E7-BA4D-0D712F05079B,49,AFC28927-4336-4C8E-BC35-3D73A9F78D86,50,-1.9319583661854267,-1.7804999952204525,14.46008333005011,14.510208333376795,missing,missing,14.804666629061103,14.848124992568046,15.33170830225572,missing,15.238249907270074,15.758874884340912,15.91937500052154,39.16462499182671
49,1.0370833333581686,4.335750010795891,30.220333370380104,false,0.9280000231228769,9B4FD4D9-EA9B-42E7-BA4D-0D712F05079B,50,AFC28927-4336-4C8E-BC35-3D73A9F78D86,50,-10.265291668474674,-10.1138332975097,6.126750027760863,6.1768750310875475,missing,missing,6.471333326771855,6.514791690278798,6.998374999966472,missing,6.904916604980826,7.425541582051665,7.586041698232293,30.831958341877908
50,0.6467916537076235,4.303416644688696,38.560374989174306,false,0.49845833564177155,9B4FD4D9-EA9B-42E7-BA4D-0D712F05079B,51,90A79B82-46FA-4DF6-8DCA-4106C9488CAB,52,-1.8024583696387708,-1.7017083591781557,14.50179168023169,14.57150001078844,missing,missing,14.898749999701977,14.954666665289551,15.438249974977225,missing,15.365958272013813,15.874374890699983,16.07604167656973,39.7069999598898
51,1.463000022340566,4.302250046748668,30.22704168688506,false,1.3434166903607547,9B4FD4D9-EA9B-42E7-BA4D-0D712F05079B,52,90A79B82-46FA-4DF6-8DCA-4106C9488CAB,52,-10.135791671928018,-10.035041661467403,6.168458377942443,6.238166708499193,missing,missing,6.565416697412729,6.6213333630003035,7.1049166726879776,missing,7.032624969724566,7.541041588410735,7.7427083742804825,31.37429169146344
52,1.2716666678898036,4.340333340223879,38.56704162899405,false,1.2156249722465873,9B4FD4D9-EA9B-42E7-BA4D-0D712F05079B,53,BB07DA40-7DB6-48A1-A3F9-74D026A0FBD7,54,-1.6919166664592922,-1.5204999945126474,14.56387498183176,14.64324997505173,missing,missing,15.024916676338762,15.077749965712428,15.6476249685511,missing,15.567708236631006,16.08033326920122,16.414000012446195,39.18420831905678
53,1.3427917147055268,4.310250049456954,30.2337083267048,false,1.213375013321638,9B4FD4D9-EA9B-42E7-BA4D-0D712F05079B,54,BB07DA40-7DB6-48A1-A3F9-74D026A0FBD7,54,-10.02524996874854,-9.853833296801895,6.230541679542512,6.309916672762483,missing,missing,6.6915833740495145,6.744416663423181,7.314291666261852,missing,7.2343749343417585,7.746999966911972,8.080666710156947,30.85150005063042
54,1.575291680637747,4.371499991975725,38.573750003706664,false,1.3315833057276905,9B4FD4D9-EA9B-42E7-BA4D-0D712F05079B,55,3ED01209-4754-4AFE-AF97-11BBBA1D8637,56,-1.564375008456409,-1.3643749989569187,14.511374989524484,14.581833325792104,missing,missing,14.909583318512887,14.965291658882052,15.460333321243525,missing,15.381541568785906,15.898416575510055,16.184708336368203,39.32620835257694
55,1.4497917145490646,4.312333359848708,30.240416701417416,false,1.2978750164620578,9B4FD4D9-EA9B-42E7-BA4D-0D712F05079B,56,3ED01209-4754-4AFE-AF97-11BBBA1D8637,56,-9.897708310745656,-9.697708301246166,6.178041687235236,6.2485000235028565,missing,missing,6.576250016223639,6.631958356592804,7.127000018954277,missing,7.048208266496658,7.565083273220807,7.851375034078956,30.99358337931335
56,1.4683333574794233,4.346666682977229,38.58049999689683,false,1.3158333604224026,9B4FD4D9-EA9B-42E7-BA4D-0D712F05079B,57,E91E42A2-824C-4798-B67E-8C213D3D8ECF,58,-1.6812916728667915,-1.5068749780766666,14.588833320885897,14.681749977171421,missing,missing,15.095916693098843,15.164916636422276,15.731541672721505,missing,15.617208264302462,16.133833269122988,16.475374985020608,39.183083339594305
57,1.0596250067465007,4.765708348713815,30.247166694607586,false,0.8208333747461438,9B4FD4D9-EA9B-42E7-BA4D-0D712F05079B,58,E91E42A2-824C-4798-B67E-8C213D3D8ECF,58,-10.014624975156039,-9.840208280365914,6.255500018596649,6.3484166748821735,missing,missing,6.762583390809596,6.831583334133029,7.398208370432258,missing,7.283874962013215,7.8004999668337405,8.14204168273136,30.850250041112304
58,1.5047499909996986,4.32887498755008,38.58720831340179,false,1.3012500130571425,9B4FD4D9-EA9B-42E7-BA4D-0D712F05079B,59,31A976BA-552A-4F5A-BDCD-E1DF165AA40B,60,-1.4780416386201978,-1.2844583252444863,14.513000031001866,14.583375013899058,missing,missing,14.946708339266479,15.000291692558676,15.461916686035693,missing,15.354708244558424,15.873958240263164,16.14008331671357,39.142666675616056
59,1.0350000229664147,4.331375006586313,30.25387501111254,false,0.8755833841860294,9B4FD4D9-EA9B-42E7-BA4D-0D712F05079B,60,31A976BA-552A-4F5A-BDCD-E1DF165AA40B,60,-9.811374940909445,-9.617791627533734,6.179666728712618,6.250041711609811,missing,missing,6.6133750369772315,6.6669583902694285,7.128583383746445,missing,7.021374942269176,7.5406249379739165,7.806750014424324,30.809916672296822
60,1.5312083414755762,4.369833332020789,38.59395836479962,false,1.3555833138525486,9B4FD4D9-EA9B-42E7-BA4D-0D712F05079B,61,E4D700D9-A04D-4DBE-919C-03588E7CAB36,62,-1.64545833831653,-1.5589166432619095,14.505291648674756,14.58125002682209,missing,missing,14.997583348304033,15.059333352837712,15.627083368599415,missing,15.523624955676496,16.04237494757399,16.401250031776726,39.320875017438084
61,1.5974583220668137,4.38249995931983,30.26062500430271,false,1.3629166642203927,9B4FD4D9-EA9B-42E7-BA4D-0D712F05079B,62,E4D700D9-A04D-4DBE-919C-03588E7CAB36,62,-9.978791698813438,-9.892250003758818,6.171958288177848,6.247916666325182,missing,missing,6.664249987807125,6.725999992340803,7.293750008102506,missing,7.190291595179588,7.709041587077081,8.067916671279818,30.98812495591119
62,1.5037916600704193,4.344083368778229,38.600666681304574,false,1.3316666590981185,9B4FD4D9-EA9B-42E7-BA4D-0D712F05079B,63,78FFF849-A260-4C6F-93C6-DE5E68FDC924,64,-1.5856666723266244,-1.3881250051781535,14.550750027410686,14.614625019021332,missing,missing,14.889833342749625,14.938291686121374,15.350625035353005,missing,15.326583292335272,15.83283324725926,16.058416687883437,39.26283336477354
63,1.3800833257846534,4.349916649516672,30.267333320807666,false,1.2405833113007247,9B4FD4D9-EA9B-42E7-BA4D-0D712F05079B,64,78FFF849-A260-4C6F-93C6-DE5E68FDC924,64,-9.919000032823533,-9.721458365675062,6.217416666913778,6.281291658524424,missing,missing,6.556499982252717,6.604958325624466,7.0172916748560965,missing,6.993249931838363,7.499499886762351,7.725083327386528,30.93012497993186
64,1.4501250116154552,4.3569167028181255,38.607333321124315,false,1.2902499875053763,9B4FD4D9-EA9B-42E7-BA4D-0D712F05079B,65,AD53D7DE-06B1-40EC-8FA1-C4AC1B798446,66,-1.7089582979679108,-1.5349166351370513,13.480416673701257,13.548791699577123,missing,missing,13.887000037357211,13.944125035777688,14.412124990485609,missing,14.343458286020905,14.874708256684244,15.17095835879445,39.32183334836736
65,1.4271250111050904,4.352833318989724,30.273999960627407,false,1.288541650865227,9B4FD4D9-EA9B-42E7-BA4D-0D712F05079B,66,AD53D7DE-06B1-40EC-8FA1-C4AC1B798446,66,-10.04229165846482,-9.86824999563396,5.147083313204348,5.2154583390802145,missing,missing,5.553666676860303,5.61079167528078,6.0787916299887,missing,6.010124925523996,6.541374896187335,6.837624998297542,30.989041668362916
66,1.4756250311620533,4.353791708126664,38.61400001915172,false,1.3170833699405193,9B4FD4D9-EA9B-42E7-BA4D-0D712F05079B,67,2DBC4557-F6E3-4392-9079-EEDF4F44B033,68,-2.6707916404120624,-2.5124999810941517,14.525250007864088,14.590208360459656,missing,missing,14.898583351168782,14.953708334360272,15.421041694935411,missing,15.395374968647957,15.920749923679978,16.16354170255363,39.11750001134351
67,1.4001666568219662,4.36008331598714,30.28066665865481,false,1.2847500038333237,9B4FD4D9-EA9B-42E7-BA4D-0D712F05079B,68,2DBC4557-F6E3-4392-9079-EEDF4F44B033,68,-11.00412500090897,-10.84583334159106,6.191916647367179,6.256874999962747,missing,missing,6.565249990671873,6.620374973863363,7.087708334438503,missing,7.062041608151048,7.587416563183069,7.8302083420567214,30.78470833133906
68,1.4483333798125386,4.3706250144168735,38.62075001234189,false,1.284250000026077,9B4FD4D9-EA9B-42E7-BA4D-0D712F05079B,69,45D5B814-CF61-4FE4-BF3A-0EF293436678,70,-1.6945416573435068,-1.5248333220370114,14.531083346810192,14.599291665945202,missing,missing,14.910291705746204,14.961500011850148,15.30854171141982,missing,15.300583268981427,15.81545826047659,16.01629168726504,39.249875000678
69,1.3892916613258421,4.448499996215105,30.28741665184498,false,1.2512916582636535,9B4FD4D9-EA9B-42E7-BA4D-0D712F05079B,70,45D5B814-CF61-4FE4-BF3A-0EF293436678,70,-10.027875017840415,-9.85816668253392,6.197749986313283,6.265958305448294,missing,missing,6.576958345249295,6.62816665135324,6.975208350922912,missing,6.9672499084845185,7.482124899979681,7.68295832676813,30.917166674043983
70,0.6887916824780405,4.43858333164826,38.6274583870545,false,0.5114583764225245,9B4FD4D9-EA9B-42E7-BA4D-0D712F05079B,71,B2064D44-9BAF-4253-B4E4-A9230058646F,72,-1.6844166675582528,-1.5931249945424497,13.462166709359735,13.532916666008532,missing,missing,13.892666669562459,13.985375000629574,14.450041693635285,missing,14.360333268996328,14.88979160785675,15.176583372522146,39.39083334989846
71,1.4295833534561098,4.37316665193066,30.294125026557595,false,1.2948333169333637,9B4FD4D9-EA9B-42E7-BA4D-0D712F05079B,72,B2064D44-9BAF-4253-B4E4-A9230058646F,72,-10.017750028055161,-9.926458355039358,5.128833348862827,5.199583305511624,missing,missing,5.559333309065551,5.652041640132666,6.1167083331383765,missing,6.02699990849942,6.556458247359842,6.843250012025237,31.05804166989401
72,1.4807917177677155,4.375666670966893,38.634125026874244,false,1.3187083532102406,9B4FD4D9-EA9B-42E7-BA4D-0D712F05079B,73,6D441BC0-4363-4ABB-A6C8-BDFF25FD47EA,74,-2.6600416167639196,-2.5490833213552833,14.597750036045909,14.66800004709512,missing,missing,15.003208362031728,15.061541693285108,15.552541706711054,missing,15.473666600883007,15.989541599992663,16.318375011906028,39.18016667012125
73,1.4071249752305448,4.3757083476521075,30.300791666377336,false,1.2902916641905904,9B4FD4D9-EA9B-42E7-BA4D-0D712F05079B,74,6D441BC0-4363-4ABB-A6C8-BDFF25FD47EA,74,-10.993374977260828,-10.882416681852192,6.2644166755490005,6.3346666865982115,missing,missing,6.66987500153482,6.728208332788199,7.219208346214145,missing,7.140333240386099,7.656208239495754,7.985041651409119,30.847291694954038
74,1.5048750210553408,4.434625036083162,38.6408333433792,false,1.2988750240765512,9B4FD4D9-EA9B-42E7-BA4D-0D712F05079B,75,6B17531A-4B13-4B93-BB73-609BAF32115F,76,-1.5854582889005542,-1.5149582759477198,14.589583384804428,14.653708378318697,missing,missing,14.963750028982759,15.014750009868294,15.446625009644777,missing,15.411124972160906,15.92762494692579,16.18016668362543,39.245708379894495
75,1.4374583261087537,4.382500017527491,30.30749998288229,false,1.3181249960325658,9B4FD4D9-EA9B-42E7-BA4D-0D712F05079B,76,6B17531A-4B13-4B93-BB73-609BAF32115F,76,-9.918791649397463,-9.848291636444628,6.256250024307519,6.320375017821789,missing,missing,6.63041666848585,6.681416649371386,7.113291649147868,missing,7.077791611663997,7.594291586428881,7.846833323128521,30.91304167173803
76,1.4711666735820472,4.451166663784534,38.64758333656937,false,1.321083283983171,9B4FD4D9-EA9B-42E7-BA4D-0D712F05079B,77,81FDFE17-0650-4C13-96A5-FAE852A5C1D6,78,-1.63183338008821,-1.4647083589807153,13.452624960336834,13.52754165418446,missing,missing,13.821458327583969,13.875541626475751,14.34329163748771,missing,14.278666581958532,14.822666591499,15.113291621673852,39.35129166347906
77,1.3994583277963102,4.395166703034192,30.31425003428012,false,1.2724166736006737,9B4FD4D9-EA9B-42E7-BA4D-0D712F05079B,78,81FDFE17-0650-4C13-96A5-FAE852A5C1D6,78,-9.965166682377458,-9.798041661269963,5.119291658047587,5.194208351895213,missing,missing,5.488125025294721,5.542208324186504,6.009958335198462,missing,5.945333279669285,6.489333289209753,6.779958319384605,31.018708366900682
78,1.4815833419561386,4.394124960526824,38.65424997638911,false,1.3139999937266111,9B4FD4D9-EA9B-42E7-BA4D-0D712F05079B,79,362C7CE8-454C-4148-B117-1062792D9315,80,-2.7540833689272404,-2.579166670329869,14.616874977946281,14.686166658066213,missing,missing,15.074833296239376,15.131791646126658,15.640374971553683,missing,15.560666564852,16.142374894116074,16.464749991428107,39.38258334528655
79,1.4424166874960065,4.408250038977712,30.320916674099863,false,1.2968333321623504,9B4FD4D9-EA9B-42E7-BA4D-0D712F05079B,80,362C7CE8-454C-4148-B117-1062792D9315,80,-11.087416671216488,-10.912499972619116,6.283541675657034,6.352833355776966,missing,missing,6.7414999939501286,6.79845834383741,7.307041669264436,missing,7.227333262562752,7.809041591826826,8.13141668913886,31.049833341967314
80,1.3248749892227352,4.397583310492337,38.660958292894065,false,1.1728749959729612,9B4FD4D9-EA9B-42E7-BA4D-0D712F05079B,81,A29C2504-F9CA-4776-A3F3-551A26772376,82,-1.5142083284445107,-1.340666669420898,14.594916661735624,14.657708292361349,missing,missing,14.915374980773777,14.962124987505376,15.364833292551339,missing,15.348458255175501,15.874999924562871,16.08408329775557,39.309958345256746
81,1.4215416740626097,4.4039583299309015,30.327624990604818,false,1.294416666496545,9B4FD4D9-EA9B-42E7-BA4D-0D712F05079B,82,A29C2504-F9CA-4776-A3F3-551A26772376,82,-9.847541630733758,-9.673999971710145,6.261583359446377,6.324374990072101,missing,missing,6.582041678484529,6.628791685216129,7.031499990262091,missing,7.015124952886254,7.541666622273624,7.750749995466322,30.977208341937512
82,1.429750001989305,4.419541684910655,38.66774996276945,false,1.2932916288264096,9B4FD4D9-EA9B-42E7-BA4D-0D712F05079B,83,AE689146-D812-49D6-A70A-BC8699A35D83,84,-1.6864166827872396,-1.5168749960139394,13.485291681718081,13.566708308644593,missing,missing,13.930458342656493,13.985958299599588,14.549166662618518,missing,14.439791615586728,14.981333282776177,15.22050000494346,39.21766666462645
83,1.0088750277645886,4.478083341382444,30.3344166604802,false,0.8685417124070227,9B4FD4D9-EA9B-42E7-BA4D-0D712F05079B,84,AE689146-D812-49D6-A70A-BC8699A35D83,84,-10.019749985076487,-9.850208298303187,5.151958379428834,5.233375006355345,missing,missing,5.597125040367246,5.65262499731034,6.21583336032927,missing,6.10645831329748,6.647999980486929,6.887166702654213,30.884916661307216
84,1.548499974887818,4.418916651047766,38.67441666079685,false,1.3362083118408918,9B4FD4D9-EA9B-42E7-BA4D-0D712F05079B,85,B53B09B5-5803-4CB8-9F0A-F9B97AB57198,86,-2.6602083235047758,-2.5217916700057685,14.6027083392255,14.668625022750348,missing,missing,14.99208330642432,15.04849997581914,15.557583305053413,missing,15.471374907065183,16.028791607823223,16.237374977208674,39.228458306752145
85,1.4590416685678065,4.424583341460675,30.341083358507603,false,1.3343750033527613,9B4FD4D9-EA9B-42E7-BA4D-0D712F05079B,86,B53B09B5-5803-4CB8-9F0A-F9B97AB57198,86,-10.993541625794023,-10.855124972295016,6.269375036936253,6.3352917204611,missing,missing,6.658750004135072,6.715166673529893,7.224250002764165,missing,7.138041604775935,7.695458305533975,7.904041674919426,30.895708361640573
86,1.476041681598872,4.425874969456345,38.681124977301806,false,1.3194166822358966,9B4FD4D9-EA9B-42E7-BA4D-0D712F05079B,87,BF88FFBD-5445-450F-B6B8-0BDC43B9B06F,88,-1.5986666548997164,-1.4259999734349549,14.634000021032989,14.697333332151175,missing,missing,14.966833346989006,15.015333308838308,15.419124974869192,missing,15.403333236463368,15.931249945424497,16.1835000035353,39.26912497263402
87,1.4224583865143359,4.822708375286311,30.34779167501256,false,1.2897083652205765,9B4FD4D9-EA9B-42E7-BA4D-0D712F05079B,88,BF88FFBD-5445-450F-B6B8-0BDC43B9B06F,88,-9.931999957188964,-9.759333275724202,6.3006667187437415,6.364000029861927,missing,missing,6.633500044699758,6.68200000654906,7.085791672579944,missing,7.06999993417412,7.59791664313525,7.850166701246053,30.93633335083723
88,1.479625003412366,4.438833333551884,38.68787502869964,false,1.3263750006444752,9B4FD4D9-EA9B-42E7-BA4D-0D712F05079B,89,754EF68F-CB57-4C52-BA2B-98C8B5E32731,90,-1.6320833237841725,-1.4641666784882545,13.600750011391938,13.673458306584507,missing,missing,13.973666646052152,14.042166643776,14.477916643954813,missing,14.381708286236972,14.9107082397677,15.148708363994956,39.42891664337367
89,1.408750016707927,4.480041679926217,30.35454172641039,false,1.2870000209659338,9B4FD4D9-EA9B-42E7-BA4D-0D712F05079B,90,754EF68F-CB57-4C52-BA2B-98C8B5E32731,90,-9.96541662607342,-9.797499980777502,5.26741670910269,5.34012500429526,missing,missing,5.640333343762904,5.708833341486752,6.144583341665566,missing,6.048374983947724,6.577374937478453,6.8153750617057085,31.096083344891667
90,1.5702917007729411,4.448583349585533,38.694625021889806,false,1.3509583659470081,9B4FD4D9-EA9B-42E7-BA4D-0D712F05079B,91,6EA011D8-76E1-4FB6-8896-9F7CCF24810C,92,-2.6044166879728436,-2.5458333548158407,14.607666700612754,14.682249980978668,missing,missing,15.075916657224298,15.137083362787962,15.690166677813977,missing,15.604916610755026,16.144541616085917,16.44020836101845,39.36137503478676
91,1.4736249577254057,4.455041664186865,30.361291661392897,false,1.2923749745823443,9B4FD4D9-EA9B-42E7-BA4D-0D712F05079B,92,6EA011D8-76E1-4FB6-8896-9F7CCF24810C,92,-10.937750048469752,-10.87916671531275,6.274333340115845,6.348916620481759,missing,missing,6.742583296727389,6.8037500022910535,7.356833317317069,missing,7.271583250258118,7.811208255589008,8.10687500052154,31.028583296574652
92,1.4386249822564423,4.449875035788864,38.70129166170955,false,1.2753750197589397,9B4FD4D9-EA9B-42E7-BA4D-0D712F05079B,93,053F5895-25CB-4BBF-919A-E4551EAA7DE1,94,-1.508583314716816,-1.311791653279215,14.671958342660218,14.735291653778404,missing,missing,15.014874981716275,15.064208360854536,15.47304168343544,missing,15.47895825933665,16.018333262763917,16.271291649900377,39.369458332657814
93,1.471708295866847,4.457874980289489,30.36795830121264,false,1.3374999980442226,9B4FD4D9-EA9B-42E7-BA4D-0D712F05079B,94,053F5895-25CB-4BBF-919A-E4551EAA7DE1,94,-9.841916675213724,-9.645125013776124,6.33862498216331,6.401958293281496,missing,missing,6.681541621219367,6.730875000357628,7.139708322938532,missing,7.145624898839742,7.684999902267009,7.937958289403468,31.036791624501348
94,1.0936250328086317,4.564750008285046,38.707916683051735,false,0.9190416894853115,9B4FD4D9-EA9B-42E7-BA4D-0D712F05079B,95,1DD091E5-9FC2-493C-988F-2781F3C554FB,96,-1.5830000047571957,-1.415291626472026,13.484583352692425,13.529375020880252,missing,missing,13.85041669709608,13.892541697714478,14.296333363745362,missing,14.281833253335208,14.850666630081832,15.103625017218292,41.52937501203269
95,1.581083342898637,4.518208326771855,30.374583322554827,false,1.321083342190832,9B4FD4D9-EA9B-42E7-BA4D-0D712F05079B,96,1DD091E5-9FC2-493C-988F-2781F3C554FB,96,-9.916333365254104,-9.748624986968935,5.151249992195517,5.196041660383344,missing,missing,5.517083336599171,5.559208337217569,5.963000003248453,missing,5.948499892838299,6.517333269584924,6.770291656721383,33.19658333202824
96,0.7258750265464187,4.474458342883736,38.71462499955669,false,0.48162502935156226,9B4FD4D9-EA9B-42E7-BA4D-0D712F05079B,97,B4A5F0AF-7E36-4829-BBB5-233FBDB73BDA,98,-2.760208328254521,-2.6507916627451777,14.76366666611284,14.834291709121317,missing,missing,15.213916660286486,15.27529169106856,15.784499992150813,missing,15.702499949838966,16.242624958977103,16.562875011004508,41.23537504347041
97,1.4814583119004965,4.459833318833262,30.381291639059782,false,1.345666649285704,9B4FD4D9-EA9B-42E7-BA4D-0D712F05079B,98,B4A5F0AF-7E36-4829-BBB5-233FBDB73BDA,98,-11.09354168875143,-10.984125023242086,6.430333305615932,6.500958348624408,missing,missing,6.880583299789578,6.9419583305716515,7.451166631653905,missing,7.369166589342058,7.909291598480195,8.2295416505076,32.90229168487713
98,0.40625000838190317,4.463083343580365,38.72541669989005,false,0.25979167548939586,9B4FD4D9-EA9B-42E7-BA4D-0D712F05079B,99,531B277F-110D-4F1C-B11B-CF90C37946D0,100,-1.3706666650250554,-1.1700832983478904,14.683083340059966,14.750000031199306,missing,missing,15.066458377987146,15.118458366487175,15.47508337534964,missing,15.445208293385804,15.97974996548146,16.13908336730674,39.211833383888006
99,1.4957916573621333,4.481291689444333,30.39208333939314,false,1.3354583061300218,9B4FD4D9-EA9B-42E7-BA4D-0D712F05079B,100,531B277F-110D-4F1C-B11B-CF90C37946D0,100,-9.704000025521964,-9.503416658844799,6.349749979563057,6.416666670702398,missing,missing,6.733125017490238,6.785125005990267,7.141750014852732,missing,7.111874932888895,7.646416604984552,7.805750006809831,30.879041645675898
100,1.272708352189511,4.547916701994836,38.728083367459476,false,1.2056250125169754,9B4FD4D9-EA9B-42E7-BA4D-0D712F05079B,101,3F8FCC82-D73E-4C01-9322-F7E7C666550A,102,-1.527374959550798,-1.4416249468922615,13.552000047639012,13.62629170762375,missing,missing,14.03208333067596,14.101208362262696,14.771875052247196,missing,14.669791620690376,15.219166642054915,15.491416677832603,39.49366667075083
101,1.1659999727271497,4.508375015575439,30.394750006962568,false,1.1129166814498603,9B4FD4D9-EA9B-42E7-BA4D-0D712F05079B,102,3F8FCC82-D73E-4C01-9322-F7E7C666550A,102,-9.860708320047706,-9.77495830738917,5.218666687142104,5.2929583471268415,missing,missing,5.698749970179051,5.767875001765788,6.438541691750288,missing,6.336458260193467,6.885833281558007,7.158083317335695,31.16087499074638
102,1.402250025421381,4.478500050026923,38.734833360649645,false,1.2454167008399963,9B4FD4D9-EA9B-42E7-BA4D-0D712F05079B,103,F64263EC-18E3-4832-9C45-B47325D76766,104,-2.543833281379193,-2.290458302013576,14.645708375610411,14.721000043209642,missing,missing,15.134791668970138,15.200041700154543,15.758041699882597,missing,15.650166606064886,16.187874949537218,16.442208376247436,39.47845834773034
103,1.5547916409559548,4.515749984420836,30.401500000152737,false,1.2955000274814665,9B4FD4D9-EA9B-42E7-BA4D-0D712F05079B,104,F64263EC-18E3-4832-9C45-B47325D76766,104,-10.877166641876101,-10.623791662510484,6.312375015113503,6.387666682712734,missing,missing,6.801458308473229,6.8667083396576345,7.424708339385688,missing,7.316833245567977,7.854541589040309,8.108875015750527,31.145708344411105
104,1.4762916835024953,4.494541673921049,38.74145838199183,false,1.317458343692124,9B4FD4D9-EA9B-42E7-BA4D-0D712F05079B,105,8A81ECFA-AA6B-4C58-AB27-C6C86F03011B,106,-1.443499990273267,-1.2438332778401673,14.647000061813742,14.704625005833805,missing,missing,15.000458341091871,15.051125024911016,15.459875052329153,missing,15.441208321135491,15.98220830783248,16.231833375059068,39.408708340488374
105,1.4968750183470547,4.479666647966951,30.408125021494925,false,1.35441665770486,9B4FD4D9-EA9B-42E7-BA4D-0D712F05079B,106,8A81ECFA-AA6B-4C58-AB27-C6C86F03011B,106,-9.776833350770175,-9.577166638337076,6.3136667013168335,6.371291645336896,missing,missing,6.667124980594963,6.717791664414108,7.126541691832244,missing,7.107874960638583,7.648874947335571,7.89850001456216,31.076000013854355
106,1.4279583119787276,4.5023332932032645,38.74816664028913,false,1.2858749832957983,9B4FD4D9-EA9B-42E7-BA4D-0D712F05079B,107,A00FE562-31AD-4007-ACF8-8066661B33E3,108,-1.5952083631418645,-1.418875006493181,13.583958323579282,13.651916640810668,missing,missing,13.972374959848821,14.044499956071377,14.568041660822928,missing,14.487416599877179,15.050291549414396,15.338958299253136,39.26499997032806
107,1.416666666045785,4.497458343394101,30.41483333799988,false,1.283541671000421,9B4FD4D9-EA9B-42E7-BA4D-0D712F05079B,108,A00FE562-31AD-4007-ACF8-8066661B33E3,108,-9.928541665431112,-9.752208308782429,5.250625021290034,5.318583338521421,missing,missing,5.639041657559574,5.711166653782129,6.23470835853368,missing,6.154083297587931,6.716958247125149,7.005624996963888,30.932208348531276
108,1.3817083090543747,4.49841667432338,38.75487495679408,false,1.1950833140872419,9B4FD4D9-EA9B-42E7-BA4D-0D712F05079B,109,BAFC0068-0BA9-4C1E-9276-F6B94AF2E375,110,-2.602583379484713,-2.4545416818000376,14.657624997198582,14.726291643455625,missing,missing,15.075000002980232,15.137791633605957,15.563166642095894,missing,15.478999936021864,16.07679156586528,16.29437500378117,39.497416641097516
109,1.4882083632983267,4.501999996136874,30.421541654504836,false,1.3559166691266,9B4FD4D9-EA9B-42E7-BA4D-0D712F05079B,110,BAFC0068-0BA9-4C1E-9276-F6B94AF2E375,110,-10.93591668177396,-10.787874984089285,6.324291694909334,6.392958341166377,missing,missing,6.741666700690985,6.8044583313167095,7.229833339806646,missing,7.145666633732617,7.743458263576031,7.961041701491922,31.164708372671157
110,0.41916663758456707,4.504500015173107,38.76166662666947,false,0.3504166379570961,9B4FD4D9-EA9B-42E7-BA4D-0D712F05079B,111,46990F03-E13B-4D03-AE35-2C720215F192,112,-1.5087500214576721,-1.421125023625791,14.713541662786156,14.776583295315504,missing,missing,15.038374986033887,15.085124992765486,15.492416627239436,missing,15.473083243705332,16.018083260860294,16.2514999974519,39.24424998695031
111,1.3953333254903555,4.505250020883977,30.42833332438022,false,1.2715000193566084,9B4FD4D9-EA9B-42E7-BA4D-0D712F05079B,112,46990F03-E13B-4D03-AE35-2C720215F192,112,-9.84208332374692,-9.754458325915039,6.380208360496908,6.443249993026257,missing,missing,6.705041683744639,6.751791690476239,7.159083324950188,missing,7.139749941416085,7.684749958571047,7.918166695162654,30.91145836515352
112,1.5253750025294721,4.635208344552666,38.76824997132644,false,1.372625003568828,9B4FD4D9-EA9B-42E7-BA4D-0D712F05079B,113,0F6975B3-3BF4-42A1-8A39-F6E67E7BF32D,114,-1.5632916474714875,-1.3943749945610762,13.652208319399506,13.721583352889866,missing,missing,14.057166641578078,14.116666628979146,14.59166663698852,missing,14.520166616421193,15.080583281815052,15.248249983415008,39.40016665728763
113,1.3997083296999335,4.5219583553262055,30.434916669037193,false,1.2685833498835564,9B4FD4D9-EA9B-42E7-BA4D-0D712F05079B,114,0F6975B3-3BF4-42A1-8A39-F6E67E7BF32D,114,-9.896624949760735,-9.727708296850324,5.318875017110258,5.388250050600618,missing,missing,5.723833339288831,5.783333326689899,6.258333334699273,missing,6.186833314131945,6.7472499795258045,6.91491668112576,31.067333358805627
114,1.4323749928735197,4.51504165539518,38.77495834603906,false,1.2789166648872197,9B4FD4D9-EA9B-42E7-BA4D-0D712F05079B,115,7ED8E105-0682-4317-A037-378EB1D6F6AE,116,-2.5302499998360872,-2.428749983664602,14.699374965857714,14.78758332086727,missing,missing,15.221124980598688,15.289791685063392,15.886791632510722,missing,15.752249921206385,16.313124913722277,16.715958307031542,39.51995831448585
115,0.7539166836068034,4.636875004507601,30.44162504374981,false,0.553833378944546,9B4FD4D9-EA9B-42E7-BA4D-0D712F05079B,116,7ED8E105-0682-4317-A037-378EB1D6F6AE,116,-10.863583302125335,-10.76208328595385,6.366041663568467,6.454250018578023,missing,missing,6.887791678309441,6.956458382774144,7.553458330221474,missing,7.418916618917137,7.979791611433029,8.382625004742295,31.187208369374275
116,0.6174166919663548,4.529083322267979,38.786625023931265,false,0.37099997280165553,9B4FD4D9-EA9B-42E7-BA4D-0D712F05079B,117,92B6CA7E-E025-4DFB-8440-6ACD64529886,118,-1.3548749848268926,-1.1622916790656745,14.756291639059782,14.82199999736622,missing,missing,15.102041652426124,15.151291678193957,15.572624979540706,missing,15.563874912913889,16.113083285745233,16.361666668672115,39.249250025022775
117,1.5008750488050282,4.879208339843899,30.453291721642017,false,1.3619583914987743,9B4FD4D9-EA9B-42E7-BA4D-0D712F05079B,118,92B6CA7E-E025-4DFB-8440-6ACD64529886,118,-9.68820828711614,-9.495624981354922,6.4229583367705345,6.488666695076972,missing,missing,6.768708350136876,6.817958375904709,7.239291677251458,missing,7.230541610624641,7.779749983455986,8.028333366382867,30.916416668333113
118,1.431124983355403,4.554166691377759,38.78837497904897,false,1.2686666450463235,9B4FD4D9-EA9B-42E7-BA4D-0D712F05079B,119,E7456AEF-F360-4F8E-8DB1-1BAD75CD562F,120,-1.4959166874177754,-1.3221666449680924,13.596791657619178,13.663874997291714,missing,missing,13.990666659083217,14.06812499044463,14.594416657928377,missing,14.527833263855428,15.08979161735624,15.372750000096858,39.439916668925434
119,1.444958383217454,4.526250006165355,30.45504167675972,false,1.3123333919793367,9B4FD4D9-EA9B-42E7-BA4D-0D712F05079B,120,E7456AEF-F360-4F8E-8DB1-1BAD75CD562F,120,-9.829249989707023,-9.65549994725734,5.263458355329931,5.330541695002466,missing,missing,5.65733335679397,5.734791688155383,6.26108335563913,missing,6.19449996156618,6.756458315066993,7.03941669780761,31.107125047128648
120,2.123958372976631,7.483958324883133,missing,true,0.000125030055642128,missing,missing,missing,missing,missing,missing,missing,missing,missing,missing,missing,missing,missing,missing,missing,missing,missing,missing